The name of the script is kernelRidgeRegressionGaussian.py
In read function file: ../dataSets/abalone/rings/Prototask.data/data
4177 4177
Div size is: 835
3340 8
Matrix dim:  (3340, 8)
(3340, 8) (8, 835)
(3340, 8) (8, 3340)
[[  8.14208751]
 [  6.28696772]
 [ 10.16728303]
 [  8.27986152]
 [  6.0979257 ]
 [  7.78201302]
 [ 11.71546165]
 [ 10.53824104]
 [  8.72775937]
 [ 11.48538137]
 [ 10.28553055]
 [  8.11417134]
 [  9.35576154]
 [  9.87125128]
 [  9.20606155]
 [  9.80172988]
 [  7.26379869]
 [  8.01082532]
 [  7.00458453]
 [  7.74989263]
 [  6.59326415]
 [  7.26335471]
 [  9.95410977]
 [  9.61145576]
 [ 10.56574753]
 [ 10.60350214]
 [ 10.83835462]
 [ 10.83870626]
 [ 11.24319177]
 [  9.2797019 ]
 [ 11.26868257]
 [ 13.54003548]
 [ 11.61886818]
 [ 11.30828879]
 [ 13.68674351]
 [  7.81885641]
 [  9.96169514]
 [  7.96900835]
 [ 10.27413901]
 [  6.51053775]
 [  7.90478825]
 [ 10.08692109]
 [  4.34721323]
 [  3.79705593]
 [  3.93659923]
 [  7.28295939]
 [  7.4714681 ]
 [  8.86270474]
 [  5.89350996]
 [  9.76449129]
 [  9.88551053]
 [  7.33156663]
 [  8.39607437]
 [  8.53616323]
 [  7.11630904]
 [  9.67947996]
 [  8.11331032]
 [  8.44813674]
 [  4.60859381]
 [  9.28860228]
 [  8.03055835]
 [  8.52899115]
 [  9.3803751 ]
 [  7.36706322]
 [  9.51054979]
 [  8.0794827 ]
 [ 11.19816802]
 [ 13.74447494]
 [  9.08850023]
 [  5.72832846]
 [ 10.96422611]
 [  7.47137617]
 [ 12.17806901]
 [ 11.31613216]
 [ 10.68614502]
 [ 10.64948752]
 [ 11.52581356]
 [ 11.52814027]
 [ 11.09412049]
 [ 11.38960392]
 [ 10.49820201]
 [ 15.52615056]
 [ 10.3117629 ]
 [ 14.2811145 ]
 [ 11.47098965]
 [ 13.70817265]
 [ 11.79053158]
 [ 10.62043021]
 [  8.55633759]
 [ 11.97109087]
 [ 10.20886762]
 [ 10.6242603 ]
 [ 12.14148555]
 [ 11.79997799]
 [ 13.56662907]
 [ 13.36259103]
 [ 10.67199858]
 [  8.58948394]
 [  8.85432267]
 [  8.3861885 ]
 [  6.62063583]
 [ 10.36279118]
 [ 11.24744179]
 [  9.47960104]
 [ 10.96505184]
 [  9.95632321]
 [ 10.98869068]
 [  9.68268274]
 [  9.68800481]
 [  8.74563208]
 [  8.8457715 ]
 [  8.79796182]
 [  7.73817426]
 [  8.71276985]
 [  9.75883841]
 [  9.72841406]
 [  9.4275019 ]
 [  8.70507237]
 [ 10.97554658]
 [  7.16256174]
 [  8.77230776]
 [  7.19276346]
 [ 10.10835715]
 [  6.46126722]
 [  6.7106133 ]
 [  5.02449955]
 [  6.74703639]
 [  6.99267002]
 [ 14.09381717]
 [ 15.44977982]
 [ 11.80261639]
 [  8.31295132]
 [  6.13061774]
 [  6.54368389]
 [  4.97943533]
 [  8.07513897]
 [  5.60343864]
 [  6.14035706]
 [  7.69890906]
 [  7.00838781]
 [ 10.46213034]
 [ 10.90124808]
 [ 12.90946458]
 [ 10.32946552]
 [  8.94982873]
 [  8.94672689]
 [  8.25743249]
 [  5.27384876]
 [  3.4967341 ]
 [  3.62666245]
 [ 10.82098762]
 [ 11.48720345]
 [ 13.06161655]
 [ 12.35815421]
 [ 11.01505335]
 [  9.22533879]
 [ 11.47307995]
 [ 14.60374826]
 [ 10.93974741]
 [ 13.72581437]
 [ 11.39797236]
 [ 10.37077748]
 [ 10.75559829]
 [ 19.41137067]
 [ 17.27590252]
 [ 13.20555911]
 [ 16.56890035]
 [ 15.44702617]
 [ 15.09263721]
 [ 15.1704993 ]
 [ 13.86434612]
 [ 10.0271429 ]
 [  9.19563322]
 [  9.36685683]
 [  4.19810398]
 [  6.87142109]
 [  5.39604727]
 [  6.06058706]
 [  4.0622586 ]
 [ 11.48038664]
 [ 10.94612333]
 [ 13.90329208]
 [ 10.33161267]
 [ 11.49580928]
 [ 12.37498309]
 [ 10.98184244]
 [ 11.37836637]
 [ 11.85753494]
 [ 10.62835162]
 [ 11.07698421]
 [ 11.26755785]
 [ 11.76807567]
 [ 12.52589191]
 [  7.29997896]
 [  7.71904368]
 [  9.31003162]
 [  9.51455963]
 [ 13.59073681]
 [  9.83814243]
 [ 11.17512965]
 [  8.43998783]
 [ 10.66733144]
 [ 10.0345923 ]
 [ 10.93081739]
 [  7.68203026]
 [  8.54619154]
 [  7.90195965]
 [  8.26543897]
 [ 11.26945895]
 [  6.77747527]
 [  9.90260084]
 [  6.08883939]
 [  7.72416245]
 [  9.65090926]
 [  9.96253432]
 [ 10.96720548]
 [  8.42196309]
 [  7.75132343]
 [  9.16861427]
 [  7.73884309]
 [  8.20973508]
 [  9.16847187]
 [  9.42953862]
 [  8.75344429]
 [  8.40368728]
 [  9.39684152]
 [  7.25585819]
 [  6.82522481]
 [ 11.75746356]
 [ 10.40879974]
 [ 10.58122301]
 [ 11.67598502]
 [ 13.16801041]
 [  5.25403628]
 [  8.39662785]
 [  5.62167793]
 [  1.56410299]
 [  2.60704037]
 [  2.32842244]
 [  3.09328216]
 [ 10.64668194]
 [  5.17846749]
 [  4.44801481]
 [  5.7923942 ]
 [  6.35194666]
 [  6.54562496]
 [  6.04949443]
 [  6.85486999]
 [  5.763406  ]
 [  6.73766036]
 [  6.42879032]
 [ 11.65093788]
 [ 10.01572873]
 [ 11.21547638]
 [ 11.32865795]
 [ 11.5475242 ]
 [ 12.22757838]
 [ 11.45155055]
 [ 11.20995658]
 [ 10.51432996]
 [ 10.30418   ]
 [ 10.39407281]
 [ 10.17810586]
 [  4.6263786 ]
 [  4.99017776]
 [  8.0806046 ]
 [  9.8441549 ]
 [  6.55164342]
 [ 10.14352318]
 [  8.68885722]
 [ 15.93351551]
 [ 12.39792314]
 [ 13.13691062]
 [ 12.79160517]
 [ 13.41184821]
 [ 13.3136843 ]
 [ 13.99625116]
 [ 15.29100264]
 [ 12.77975305]
 [ 10.33160305]
 [ 11.00567211]
 [  6.98966923]
 [  8.63895057]
 [  9.7867719 ]
 [ 10.63782806]
 [ 10.99251142]
 [  9.9342787 ]
 [  9.82491203]
 [  9.38895823]
 [ 10.35727081]
 [ 10.77783609]
 [ 11.47498774]
 [ 11.48894699]
 [ 12.02567995]
 [ 12.64666907]
 [  5.56769421]
 [  5.19660253]
 [  5.35611213]
 [  9.0572568 ]
 [  6.83358987]
 [  7.26595628]
 [ 11.46555501]
 [  6.66762726]
 [  6.59304988]
 [  8.86672204]
 [  3.87056127]
 [  3.11862289]
 [ 14.74482173]
 [ 10.22764753]
 [ 10.07312243]
 [ 12.3724998 ]
 [  9.61816049]
 [ 11.55634831]
 [ 13.53817799]
 [ 13.28825447]
 [  8.48962864]
 [ 11.77239182]
 [  8.19186917]
 [ 11.80794396]
 [  6.43420226]
 [  5.01593218]
 [  3.65504106]
 [  7.33068751]
 [  5.08457938]
 [  6.3040286 ]
 [  6.78794751]
 [  6.29511888]
 [  9.32197511]
 [  7.10696838]
 [  7.02325709]
 [  9.66182819]
 [  7.62507733]
 [  5.56164122]
 [  4.27185022]
 [ 17.39204227]
 [ 10.7792556 ]
 [ 11.68946584]
 [ 11.93961502]
 [ 10.18496183]
 [ 10.70634082]
 [  9.17806287]
 [ 13.60121757]
 [ 10.2079357 ]
 [  9.41366492]
 [  9.56760875]
 [  8.81162705]
 [ 10.74540854]
 [  6.28312538]
 [  7.51894468]
 [  9.8666537 ]
 [ 10.00806647]
 [ 11.30779058]
 [  9.62306421]
 [  9.85303709]
 [ 11.67694539]
 [ 14.32255798]
 [ 11.40989944]
 [ 11.59044873]
 [ 14.9256623 ]
 [ 12.2323621 ]
 [ 11.4974945 ]
 [ 11.42530677]
 [ 12.1894846 ]
 [ 11.10728532]
 [ 11.44473371]
 [ 12.05966795]
 [  9.96169169]
 [  9.61540371]
 [ 11.45328703]
 [ 13.37300314]
 [ 11.71180655]
 [ 13.15835985]
 [ 15.23668809]
 [ 13.6066173 ]
 [ 13.26687429]
 [ 13.91653168]
 [ 10.83211317]
 [  9.47909693]
 [ 11.67927272]
 [ 12.34339437]
 [ 12.54743954]
 [  9.89034764]
 [  8.73005037]
 [  8.94205949]
 [  9.46336333]
 [  8.1831881 ]
 [  9.42983011]
 [  8.55284126]
 [  9.6966436 ]
 [  8.44567369]
 [  7.62683491]
 [  8.45799948]
 [  8.63245716]
 [  6.96160489]
 [  6.72618953]
 [  7.68177034]
 [  9.29912536]
 [  8.93034677]
 [ 10.80587597]
 [ 10.54669829]
 [  8.52030501]
 [ 10.06752344]
 [  8.13532776]
 [  9.33829174]
 [  8.12271792]
 [  9.69716162]
 [  8.15258219]
 [ 10.86026572]
 [ 10.04881712]
 [  9.88425796]
 [ 11.30651673]
 [ 10.43455465]
 [  9.84393744]
 [  9.9616029 ]
 [ 11.54071782]
 [ 12.37617113]
 [ 11.71788361]
 [ 12.78881143]
 [ 12.73825111]
 [ 10.54402308]
 [ 14.01348106]
 [  9.02327463]
 [  9.32926387]
 [  5.56834293]
 [  4.99547426]
 [ 11.03618637]
 [ 12.04278091]
 [ 11.86302282]
 [ 11.89976639]
 [ 12.15977772]
 [ 11.11186753]
 [ 11.12094622]
 [ 11.4959911 ]
 [ 10.95717504]
 [  8.544782  ]
 [  9.55983541]
 [  7.02702208]
 [  7.50566145]
 [  6.80032153]
 [ 10.36735024]
 [  6.97307745]
 [  6.46448695]
 [ 10.83688205]
 [  7.16222227]
 [  7.63930525]
 [ 11.47721714]
 [ 12.41263831]
 [ 11.96897265]
 [ 11.60362637]
 [ 10.47644053]
 [ 14.37961134]
 [ 12.3313703 ]
 [ 12.19323738]
 [ 10.43263314]
 [ 11.44023798]
 [ 10.55784108]
 [ 12.4043415 ]
 [  7.1477838 ]
 [  7.78552125]
 [  9.90299966]
 [  6.75939659]
 [ 10.96717788]
 [  4.6999364 ]
 [  4.22423749]
 [  4.9368726 ]
 [  3.40139169]
 [ 12.94069265]
 [ 12.45094379]
 [ 15.42299325]
 [ 13.74893842]
 [  9.99629644]
 [  9.0849927 ]
 [  8.1254956 ]
 [  9.38594295]
 [ 11.06156796]
 [ 10.84998291]
 [  8.71795237]
 [ 13.27965734]
 [ 15.40934831]
 [ 13.1868478 ]
 [ 13.44577854]
 [ 10.49832442]
 [ 10.0742019 ]
 [ 10.29744985]
 [ 11.24264135]
 [ 11.22105654]
 [ 10.22771313]
 [ 11.42122546]
 [  9.62434669]
 [ 10.49053542]
 [ 10.2094056 ]
 [ 11.00187218]
 [ 12.19899514]
 [ 12.94589397]
 [ 11.44636542]
 [ 12.22831549]
 [ 14.0024472 ]
 [ 11.16367235]
 [ 12.01725125]
 [ 11.19733875]
 [ 10.6125985 ]
 [ 13.68222407]
 [ 12.93948476]
 [ 12.08835851]
 [ 12.87245621]
 [ 10.66489315]
 [ 11.66267263]
 [ 12.1903598 ]
 [ 10.36766475]
 [ 11.306123  ]
 [ 12.9614261 ]
 [  8.23403486]
 [  9.45518501]
 [  5.51183688]
 [  4.98851953]
 [  4.91918941]
 [  7.17096042]
 [  5.09080602]
 [  5.793721  ]
 [  6.22863677]
 [  3.71840588]
 [  6.49111768]
 [  6.79688514]
 [  3.56843816]
 [  4.07128159]
 [  3.09549242]
 [  2.79064877]
 [ 10.92619762]
 [ 10.34128873]
 [  7.21085772]
 [ 10.22070585]
 [  8.43392373]
 [  9.02569996]
 [  7.82010645]
 [  8.81525484]
 [  9.09109415]
 [ 10.14456906]
 [  5.4427185 ]
 [  5.05074727]
 [  7.29052607]
 [  9.22165784]
 [  8.44035195]
 [  8.13709866]
 [  8.17067847]
 [  7.19149114]
 [  5.84279978]
 [  4.68281735]
 [  3.73065314]
 [ 10.22951272]
 [ 10.34471882]
 [ 11.96096068]
 [ 11.92810066]
 [ 10.63569137]
 [  8.92075055]
 [  8.18636098]
 [  9.09238543]
 [ 10.14861384]
 [ 12.40844641]
 [ 13.09085397]
 [ 10.08587553]
 [  8.15121639]
 [  9.21767426]
 [  8.90852514]
 [ 10.27732607]
 [  9.08892421]
 [  6.18879944]
 [  8.78571168]
 [  7.87523937]
 [  5.15730445]
 [  7.40737979]
 [  8.26866509]
 [  8.22525757]
 [ 12.35517766]
 [ 10.81982876]
 [ 11.64988925]
 [ 10.65661063]
 [  9.98712954]
 [ 10.48385684]
 [ 10.44182847]
 [ 13.22910579]
 [ 11.18805053]
 [  9.85765866]
 [ 11.57048513]
 [  8.22365425]
 [  7.23316706]
 [  9.13828644]
 [  9.95118796]
 [ 10.37677371]
 [  8.69751497]
 [  7.47710904]
 [  9.98779198]
 [  6.90023447]
 [  9.56974502]
 [ 13.23613549]
 [ 10.4771465 ]
 [ 11.90324476]
 [ 10.57864925]
 [ 12.03874904]
 [ 12.52727126]
 [ 12.15048717]
 [  9.69652322]
 [  7.25390815]
 [  7.26067066]
 [  8.74859633]
 [ 10.37511498]
 [  8.60954275]
 [  6.34564925]
 [  9.05528236]
 [  7.10526324]
 [  6.61497065]
 [  8.95803315]
 [  3.58888343]
 [  6.06912738]
 [  9.53339513]
 [  8.80049064]
 [  8.58985276]
 [  9.16959588]
 [  5.79806231]
 [  5.61833024]
 [  4.24473221]
 [  6.25296955]
 [  9.83802181]
 [  8.93400221]
 [  9.50422308]
 [  8.40161204]
 [ 10.19913188]
 [  8.2055933 ]
 [  7.07363202]
 [  9.96100431]
 [  6.25378506]
 [  8.40511663]
 [  8.28629254]
 [  8.70756429]
 [  9.07807859]
 [  7.04990225]
 [  6.68076369]
 [  6.48511496]
 [  6.24443508]
 [  8.4701955 ]
 [  9.78649265]
 [  5.73703022]
 [ 12.20614203]
 [ 11.50790344]
 [  6.14023105]
 [  8.07939676]
 [  8.44876664]
 [  5.64098602]
 [  9.66626326]
 [  8.71812616]
 [  8.9633339 ]
 [  4.52225691]
 [  6.38563268]
 [  8.83963848]
 [  5.64643368]
 [  6.94360257]
 [  5.31375108]
 [ 11.1149126 ]
 [ 12.91533866]
 [ 11.83285749]
 [ 11.46968408]
 [ 13.6077256 ]
 [ 11.20201869]
 [  8.08139889]
 [  7.33470722]
 [  9.45839331]
 [  7.41177901]
 [  8.51287211]
 [  9.47821764]
 [ 11.62295735]
 [  9.11258938]
 [  9.49962316]
 [  9.7230756 ]
 [ 10.98424207]
 [  9.28098163]
 [ 10.29454797]
 [ 11.48283934]
 [ 10.50057819]
 [  9.743915  ]
 [  9.99542468]
 [  6.93760391]
 [  6.96305623]
 [  9.22613866]
 [  8.02853966]
 [ 10.64124901]
 [  9.50084747]
 [ 10.67901149]
 [  9.43633474]
 [ 11.81591331]
 [  9.65135949]
 [ 10.91678345]
 [  9.22614095]
 [  4.86075574]
 [  7.91641724]
 [  7.00874466]
 [  2.98195855]
 [  5.96978677]
 [  3.02788512]
 [  5.06474498]
 [  8.33558664]
 [  7.77240595]
 [  6.917551  ]
 [  9.41185101]
 [  7.99336059]
 [  7.45920442]
 [  7.09000744]
 [  8.13532455]
 [  6.28125654]
 [  6.5538543 ]
 [  7.35402981]
 [  5.68458173]
 [  6.33341091]
 [  7.00592031]
 [  5.12635676]
 [  6.55539092]
 [  6.23331837]
 [  5.0298999 ]
 [  5.40484781]
 [  4.70030919]
 [  3.35273159]
 [  2.78641889]
 [  2.95080648]
 [ 10.76871025]
 [ 11.71463222]
 [  9.77538326]
 [  8.37922756]
 [  9.6533112 ]
 [  7.37937817]
 [  8.71683438]
 [  9.99435989]
 [  9.14456174]
 [ 10.84651855]
 [  9.54781526]
 [ 10.01478331]
 [  9.70150095]
 [ 10.78435171]
 [  9.03027002]
 [  9.60479126]
 [  9.86582729]
 [ 11.12176336]
 [  8.23266707]
 [ 10.46810366]
 [  6.55944807]
 [ 10.14459136]
 [ 10.41149027]
 [ 10.56207033]
 [ 10.33924976]
 [ 11.9311478 ]
 [  9.14806475]
 [ 10.43363228]
 [ 12.27854576]
 [  9.97141406]
 [  8.44121236]
 [ 12.10545307]
 [ 11.26017086]
 [ 13.79605463]
 [ 10.10407259]
 [ 13.04053272]
 [ 12.95958727]
 [  9.79184379]
 [ 11.2846568 ]
 [ 11.01441233]
 [ 11.7097158 ]
 [ 11.93559511]
 [ 12.38715111]
 [ 11.63138643]
 [ 11.127298  ]
 [ 11.47938494]
 [  6.58619501]
 [ 10.46012176]
 [ 10.45394694]
 [ 11.15775822]
 [  9.38015478]
 [  7.03397197]
 [  8.23427907]
 [  9.43834469]
 [ 11.81176415]
 [  9.62194417]
 [  9.41810556]
 [  8.99845709]
 [  9.55030438]
 [ 10.61567178]
 [  9.64716997]
 [ 10.47321081]
 [  7.34392305]
 [  4.06598146]
 [ 11.08486434]
 [  9.92203249]
 [ 10.46383977]
 [  9.26010083]
 [ 11.55883192]
 [ 11.16502318]
 [  9.39159637]
 [  9.21039737]
 [ 10.98682568]
 [ 12.38636068]
 [ 10.49533178]
 [  9.90341618]
 [  8.01745182]
 [ 10.93798623]
 [  8.3258911 ]
 [  9.06092956]
 [  8.41001177]
 [  8.41301466]
 [  6.83913735]
 [  8.54866536]
 [  7.42645804]
 [  5.18904036]
 [ 10.29826852]
 [  8.40266978]
 [ 10.01154284]
 [ 10.69894803]
 [ 10.28484161]
 [  4.41182116]
 [  4.6945474 ]
 [  5.965613  ]
 [  6.02582364]
 [  6.23966808]
 [  6.64739854]
 [  6.35578769]
 [  6.75624317]
 [  6.97160242]
 [  7.01564174]
 [  6.69403643]
 [  6.92557728]
 [  7.2464448 ]
 [  7.01765331]
 [  7.04297362]
 [  7.4728662 ]
 [  7.17307978]
 [  7.54058325]
 [  7.15015759]
 [  8.21338371]
 [  8.087142  ]
 [  7.11892269]
 [  7.54490388]]
Deviation: [[ 3.3106517]]
Div size is: 835
3340 8
Matrix dim:  (3340, 8)
(3340, 8) (8, 835)
(3340, 8) (8, 3340)
[[  8.55528193]
 [  9.11718584]
 [  9.54074892]
 [  9.05659108]
 [  9.29032358]
 [  9.03348418]
 [  9.73370328]
 [  9.57816921]
 [ 10.4284915 ]
 [  9.95528034]
 [  8.12333846]
 [  9.91629839]
 [  9.82430987]
 [ 10.62007744]
 [ 11.21959109]
 [ 11.37106117]
 [  9.1930038 ]
 [ 10.24443359]
 [ 11.32734872]
 [ 10.21741323]
 [ 10.76097353]
 [ 11.5769104 ]
 [ 11.59842744]
 [ 11.32728093]
 [ 11.09079416]
 [ 10.18347087]
 [ 10.53955843]
 [ 11.69895013]
 [  9.54452874]
 [ 10.71470317]
 [ 11.57785882]
 [ 12.04939159]
 [ 11.36183728]
 [ 10.91055258]
 [ 11.37336946]
 [ 12.80755603]
 [ 11.17009845]
 [ 10.33886441]
 [ 13.65164373]
 [ 12.0661217 ]
 [ 13.82858993]
 [ 11.57480316]
 [ 10.06401211]
 [  9.42772569]
 [  9.30258133]
 [ 11.58270734]
 [ 12.75676238]
 [ 12.27485781]
 [ 13.52053154]
 [ 10.95177123]
 [ 13.84787491]
 [ 11.79162006]
 [ 12.58309075]
 [ 10.96084051]
 [ 10.89023617]
 [ 11.75994486]
 [ 15.95777449]
 [  4.05380588]
 [  4.84044112]
 [  4.76968358]
 [  5.12320679]
 [  4.97311905]
 [  5.27536416]
 [  4.80583717]
 [  5.94213894]
 [  6.27147827]
 [  6.1766405 ]
 [  5.89260783]
 [  6.29315782]
 [  6.27611712]
 [  6.40401151]
 [  6.28310933]
 [  6.76877612]
 [  6.69996498]
 [  6.27678369]
 [  6.70187297]
 [  6.37647537]
 [  6.82831853]
 [  7.42226216]
 [  6.84955935]
 [  7.39876391]
 [  7.04297796]
 [  7.7752062 ]
 [  7.8260029 ]
 [  7.66394186]
 [  7.84072543]
 [  8.10383905]
 [  7.95377076]
 [  8.33529027]
 [  8.19129569]
 [  8.36165272]
 [  7.52558664]
 [  8.47937506]
 [  8.50613548]
 [  8.69966951]
 [  8.5392328 ]
 [  8.29186392]
 [  9.10975132]
 [  9.21275185]
 [  8.85158067]
 [  8.15267915]
 [  7.7605113 ]
 [  8.97460336]
 [  8.75604755]
 [  8.34320654]
 [  8.82328697]
 [  8.56533127]
 [  8.68926434]
 [  9.1483552 ]
 [  8.45282827]
 [  7.75235861]
 [  8.49399126]
 [  9.37472409]
 [  7.77540782]
 [  8.71079185]
 [  9.06364647]
 [  8.9460369 ]
 [  8.16371545]
 [  9.45694139]
 [  8.81617648]
 [  9.02650316]
 [  9.35872438]
 [  8.94441659]
 [  8.9196996 ]
 [  8.81197677]
 [  9.05599896]
 [  9.2716379 ]
 [  8.6368909 ]
 [  9.50267389]
 [  9.77262553]
 [  8.62636009]
 [  9.84131204]
 [  9.13627784]
 [  9.35086882]
 [  9.03025886]
 [  9.97789954]
 [  8.67149627]
 [  9.38774178]
 [  9.45184535]
 [ 10.13450569]
 [ 10.44359763]
 [ 10.20386004]
 [  9.19334683]
 [ 10.93209511]
 [ 10.06646881]
 [  8.52357216]
 [ 10.78930147]
 [ 10.45955344]
 [ 10.16271474]
 [  9.70581471]
 [ 11.05345304]
 [  9.52256517]
 [  9.20217405]
 [ 10.58232658]
 [ 10.6220535 ]
 [  9.64378337]
 [  9.73550301]
 [ 11.6847781 ]
 [ 10.11839178]
 [  9.69222699]
 [  8.90373759]
 [ 10.20735525]
 [ 11.64147656]
 [  9.75154969]
 [ 10.6111384 ]
 [  9.00622519]
 [  9.33376954]
 [ 10.48206516]
 [  9.95673062]
 [ 10.75076783]
 [  9.9048681 ]
 [  9.84616668]
 [ 10.24303733]
 [ 10.77602346]
 [ 10.75204015]
 [ 11.89206058]
 [ 10.99828521]
 [ 12.20675114]
 [ 12.3517607 ]
 [ 11.12277369]
 [ 12.20148847]
 [  9.96625972]
 [ 10.88130075]
 [ 11.49737481]
 [ 11.59969275]
 [ 10.92767415]
 [ 10.00290061]
 [ 11.19224768]
 [ 13.80117965]
 [ 10.63963748]
 [ 10.76637202]
 [ 11.18724648]
 [ 10.45832577]
 [ 10.98723127]
 [ 11.29898569]
 [ 12.94056348]
 [ 11.86661354]
 [ 13.32187915]
 [ 13.09830155]
 [  8.77485039]
 [  9.53473735]
 [ 12.02372179]
 [ 14.00510135]
 [ 14.00729261]
 [ 10.86595976]
 [ 12.18686714]
 [ 12.56395206]
 [ 13.76836407]
 [ 12.74024812]
 [ 10.53355188]
 [ 10.71487308]
 [ 12.37676561]
 [ 12.59759528]
 [ 11.24158991]
 [ 13.0114172 ]
 [ 12.69169792]
 [ 12.36988102]
 [ 13.48629621]
 [  3.68576322]
 [  3.95336702]
 [  3.80704313]
 [  4.03601396]
 [  4.45566945]
 [  4.94849345]
 [  5.07509293]
 [  5.20908308]
 [  5.22775086]
 [  5.80708873]
 [  5.76349658]
 [  5.98817124]
 [  6.06950971]
 [  6.16395125]
 [  6.70586153]
 [  7.1458054 ]
 [  7.1354583 ]
 [  7.15314777]
 [  7.22116257]
 [  7.28082242]
 [  7.54914072]
 [  7.98684089]
 [  8.42114444]
 [  8.36353453]
 [  8.08670357]
 [  8.17156174]
 [  8.34338373]
 [  8.00998704]
 [  7.87254608]
 [  7.99892795]
 [  8.78862758]
 [  8.82312549]
 [  8.90526034]
 [  8.25356706]
 [  8.87477609]
 [  8.16012985]
 [  8.19479194]
 [  8.12397449]
 [  8.62451689]
 [  8.95721469]
 [  8.12540652]
 [  9.42799142]
 [  8.962087  ]
 [  8.54477261]
 [  8.36804376]
 [ 10.11082907]
 [  9.63796259]
 [ 10.05629379]
 [  9.22380915]
 [  9.21977404]
 [  9.40689775]
 [  9.07966215]
 [  9.44282851]
 [  9.6328478 ]
 [ 10.04312315]
 [  8.85738913]
 [  9.36863647]
 [ 10.01594612]
 [  9.22143776]
 [  9.00253676]
 [  9.35996603]
 [ 10.30693117]
 [  9.11095432]
 [  9.19171799]
 [ 10.13253988]
 [ 10.03987487]
 [ 10.19112206]
 [  8.17973958]
 [  8.59246601]
 [  8.77770208]
 [  8.73250437]
 [  9.97582011]
 [  9.62055018]
 [  9.36642673]
 [ 10.01892021]
 [ 10.57344322]
 [  9.23925511]
 [  9.79841309]
 [  7.84636516]
 [ 10.62763951]
 [  9.23807703]
 [ 10.08910274]
 [ 10.91456711]
 [ 10.30788075]
 [  9.23242864]
 [ 10.12088144]
 [ 10.38454799]
 [ 10.49790719]
 [ 11.37664877]
 [  8.85973768]
 [ 10.01855623]
 [ 10.68171669]
 [  7.72771441]
 [ 10.44766282]
 [  9.81666921]
 [  8.82151963]
 [ 11.2394202 ]
 [  9.84665561]
 [ 10.44932546]
 [ 10.10507931]
 [ 10.51912497]
 [  7.70613136]
 [  9.63368461]
 [  9.62350702]
 [  9.6567852 ]
 [  9.83038103]
 [ 10.41236812]
 [ 12.53351861]
 [  9.9346848 ]
 [  7.64633509]
 [ 10.60235367]
 [ 10.77844299]
 [ 10.55493576]
 [ 11.4780147 ]
 [  9.83135762]
 [ 11.11420579]
 [ 10.17779638]
 [  9.22851764]
 [ 10.27413826]
 [  9.98230648]
 [ 11.49718378]
 [ 10.26450555]
 [ 11.07783083]
 [ 11.6678583 ]
 [ 11.32484682]
 [ 12.0988179 ]
 [ 10.82971869]
 [ 11.94532826]
 [ 12.08287546]
 [ 14.15503955]
 [ 11.49323446]
 [ 11.64470399]
 [ 12.06761825]
 [ 14.01419026]
 [ 11.47777655]
 [ 12.69119573]
 [ 11.39893447]
 [ 10.18975326]
 [ 10.52180061]
 [ 10.68946852]
 [ 11.36933784]
 [ 10.2749763 ]
 [ 11.33838843]
 [ 12.70473351]
 [  9.79256947]
 [ 10.25468189]
 [ 10.9237209 ]
 [ 11.99227099]
 [ 10.37965652]
 [  9.03781316]
 [ 11.32184625]
 [ 11.64742804]
 [ 12.17012862]
 [ 10.45979798]
 [ 12.04881755]
 [ 14.73437129]
 [  7.80731814]
 [  6.53663816]
 [  5.11947342]
 [  5.05438026]
 [  5.03946809]
 [  5.45671459]
 [  5.99255027]
 [  0.27936498]
 [  6.33680683]
 [  6.27510793]
 [  6.74197137]
 [  6.40445404]
 [  6.08905403]
 [  6.39561098]
 [  6.77896028]
 [  6.73779542]
 [  6.45638267]
 [  6.86163472]
 [  6.79827142]
 [  7.14649197]
 [  7.18441757]
 [  7.23035898]
 [  7.02551792]
 [  7.64903247]
 [  7.08531875]
 [  7.46659948]
 [  7.22736749]
 [  7.48079305]
 [  7.38773401]
 [  7.43429468]
 [  7.3286414 ]
 [  7.52388127]
 [  7.42675145]
 [  7.56092299]
 [  7.47111838]
 [  7.2208351 ]
 [  7.43735653]
 [  7.30770425]
 [  8.15647298]
 [  7.82035141]
 [  7.2429423 ]
 [  7.68606327]
 [  7.53843504]
 [  8.81867433]
 [  7.54710568]
 [  8.10968913]
 [  8.58913226]
 [  7.95786763]
 [  7.39370204]
 [  8.02041265]
 [  8.51733299]
 [  8.37005359]
 [  8.34273056]
 [  9.12414521]
 [  9.04309567]
 [  5.72986766]
 [  8.47338379]
 [  9.09069669]
 [  9.18899424]
 [  9.21412087]
 [  9.36801489]
 [  9.71997045]
 [  9.26709494]
 [  8.52953679]
 [  9.90917883]
 [  9.26989008]
 [  9.40418997]
 [  9.1283595 ]
 [  8.99329944]
 [  9.49210177]
 [  9.86092807]
 [  9.93089054]
 [  9.13732213]
 [  9.99661542]
 [ 10.07817708]
 [ 10.43452687]
 [  9.38855483]
 [  9.75154031]
 [  9.51859921]
 [  9.68476132]
 [  9.79408981]
 [  8.7698336 ]
 [  9.81572145]
 [  9.61199517]
 [ 10.49509495]
 [  9.82574802]
 [  8.75783136]
 [  9.14269331]
 [  8.78618263]
 [  8.46301612]
 [ 10.4096619 ]
 [  9.10430543]
 [  9.73488378]
 [  9.4149397 ]
 [  9.92425723]
 [  9.97395772]
 [  9.34994396]
 [ 10.64557832]
 [ 10.18207936]
 [ 10.51107016]
 [ 11.43552266]
 [ 10.44415496]
 [ 10.17154114]
 [ 10.28437745]
 [ 10.04757919]
 [ 10.88055275]
 [ 10.43763014]
 [ 10.39275109]
 [ 11.63455603]
 [ 10.68989534]
 [ 10.57170482]
 [ 10.39502876]
 [ 10.89296496]
 [  9.32446626]
 [  8.7971182 ]
 [ 10.1237186 ]
 [ 10.04952853]
 [ 10.55190668]
 [  9.53192947]
 [ 11.63427692]
 [ 10.73057379]
 [ 11.08934493]
 [ 11.14682352]
 [ 10.48506918]
 [ 10.94689484]
 [  9.18305442]
 [ 10.74401638]
 [ 10.08502024]
 [  9.18929877]
 [  9.99934564]
 [ 10.85407337]
 [ 10.18102939]
 [ 11.36577322]
 [ 10.88283646]
 [  9.29340995]
 [  7.49542689]
 [ 10.17420619]
 [ 11.61565884]
 [ 11.35941879]
 [  9.95887403]
 [ 11.43452687]
 [ 11.1365702 ]
 [ 11.57726555]
 [ 11.02109557]
 [ 11.80275659]
 [  9.78183353]
 [ 10.79369696]
 [ 11.05856633]
 [ 11.19434536]
 [ 10.01885288]
 [ 12.02546987]
 [ 10.60850156]
 [ 12.03086234]
 [ 10.1796065 ]
 [ 11.00596814]
 [  9.69504326]
 [ 11.90124684]
 [ 11.31063589]
 [ 12.25925011]
 [ 10.55399982]
 [ 11.62499942]
 [ 12.48538802]
 [ 11.50609298]
 [ 11.23772049]
 [ 11.41296816]
 [ 11.89840354]
 [ 12.04456859]
 [ 12.11348777]
 [ 11.44623422]
 [ 10.95119063]
 [ 12.07746554]
 [ 11.26882425]
 [ 11.15058168]
 [ 11.13512742]
 [ 10.57306182]
 [ 10.98825014]
 [ 10.88751007]
 [ 11.5933255 ]
 [ 10.75010789]
 [ 11.71945447]
 [ 11.5950274 ]
 [ 10.7386639 ]
 [  9.09184137]
 [ 11.98371208]
 [ 12.78882498]
 [ 12.78956977]
 [ 13.86668774]
 [ 11.7063891 ]
 [ 11.65344795]
 [ 11.05590107]
 [ 12.77050031]
 [ 12.00871617]
 [ 11.56704662]
 [ 10.78061207]
 [ 10.87380766]
 [ 12.98287283]
 [ 12.19416216]
 [ 12.39444283]
 [ 11.13932864]
 [ 11.04615083]
 [ 11.59253741]
 [ 12.78524978]
 [ 12.41855502]
 [ 13.33091193]
 [ 10.78130414]
 [ 11.74019462]
 [ 13.28256453]
 [ 10.35198441]
 [ 11.79121083]
 [ 10.73573861]
 [  8.520655  ]
 [ 12.36782346]
 [ 11.8161879 ]
 [ 12.08522194]
 [ 15.69366417]
 [ 14.80602067]
 [ 12.60094772]
 [ 10.16190825]
 [ 10.87564124]
 [ 18.26661243]
 [  2.89354908]
 [  4.81814959]
 [  7.26614031]
 [  7.06419963]
 [  6.74203492]
 [  6.3656664 ]
 [  7.42024169]
 [  7.38984904]
 [  7.08964927]
 [  7.83135161]
 [  7.39419004]
 [  7.85067999]
 [  7.6764888 ]
 [  7.79647873]
 [  7.61366776]
 [  7.74144361]
 [  7.67560956]
 [  8.54961655]
 [  7.49585492]
 [  8.47874602]
 [  8.10472128]
 [  7.71043081]
 [  8.86385959]
 [  8.57435754]
 [  8.98030451]
 [ 10.00283135]
 [  7.80542511]
 [  8.88181982]
 [  8.38014431]
 [  8.59196165]
 [  9.60233512]
 [  9.22811984]
 [  9.17986082]
 [  9.09435492]
 [  9.54542416]
 [  8.36448038]
 [  9.75252484]
 [  8.33306146]
 [ 10.02092232]
 [  9.68316872]
 [  8.9570761 ]
 [  9.74111337]
 [  8.59777455]
 [  9.71815105]
 [  9.86723087]
 [ 10.45607074]
 [  9.4378315 ]
 [  8.72234911]
 [  9.43440568]
 [  8.58149384]
 [ 10.78430565]
 [  8.8672899 ]
 [  9.31658809]
 [ 10.5747364 ]
 [ 10.84350487]
 [  8.79581486]
 [ 10.77003562]
 [ 11.04907805]
 [ 10.7448939 ]
 [ 10.3390941 ]
 [ 11.26821614]
 [ 13.38670908]
 [ 10.87052398]
 [ 11.19025551]
 [ 11.92408505]
 [ 11.20729331]
 [ 10.57841777]
 [ 11.57374555]
 [ 10.27756261]
 [ 11.96480607]
 [ 10.55198376]
 [ 12.39408002]
 [ 11.36471776]
 [  9.61428542]
 [ 10.31145379]
 [ 11.68753629]
 [ 12.46230572]
 [ 12.01144177]
 [ 11.29857232]
 [ 12.15718991]
 [ 12.04364251]
 [ 14.1501116 ]
 [ 11.47790218]
 [  9.81700461]
 [ 11.36989272]
 [ 12.61641673]
 [  9.63277123]
 [ 11.71192287]
 [ 12.534865  ]
 [ 10.5922024 ]
 [ 11.26376722]
 [ 12.62015896]
 [ 12.05128294]
 [  9.80305677]
 [ 10.27439992]
 [ 11.27540009]
 [ 14.90172828]
 [ 10.97393289]
 [ 10.95800116]
 [  6.63532046]
 [ 11.0734416 ]
 [ 10.70094178]
 [  4.33709707]
 [  5.64268903]
 [  5.97108739]
 [  6.21974857]
 [  6.12068979]
 [  6.58319558]
 [  6.7239731 ]
 [  6.9989887 ]
 [  7.17516196]
 [  7.35007968]
 [  7.04285533]
 [  6.96104326]
 [  7.17029636]
 [  7.23558924]
 [  7.20781558]
 [  7.72399922]
 [  7.66545142]
 [  7.67313391]
 [  7.31851105]
 [  7.31247474]
 [  7.81684426]
 [  7.47718618]
 [  7.80390404]
 [  7.97334606]
 [  7.55798703]
 [  8.27033688]
 [  8.51822111]
 [  8.21789596]
 [  8.89599988]
 [  8.47449957]
 [  8.88236253]
 [  8.86808968]
 [  9.05060918]
 [  9.0015007 ]
 [  8.86043779]
 [  9.53470028]
 [  8.90815346]
 [  9.40340587]
 [  9.26372008]
 [  8.78534776]
 [  9.16052467]
 [ 10.19123722]
 [  9.04953991]
 [ 10.10861744]
 [  8.88473434]
 [  9.5901869 ]
 [  9.23832316]
 [  9.72778952]
 [  9.99174418]
 [ 10.02020879]
 [  9.8732901 ]
 [  9.84716998]
 [  9.50501005]
 [  8.83639876]
 [ 10.00809503]
 [  9.20966513]
 [  9.26061237]
 [ 10.26428114]
 [  9.77446386]
 [ 10.42865398]
 [ 10.85072009]
 [  9.46002379]
 [  9.96452652]
 [  9.63066421]
 [ 10.73061815]
 [ 10.40136347]
 [ 11.19705345]
 [ 11.3534894 ]
 [ 10.19222508]
 [ 10.05170679]
 [ 10.57556302]
 [ 10.97348867]
 [  9.91578395]
 [ 10.37719234]
 [ 11.46023015]
 [ 10.85453004]
 [  9.90594733]
 [  9.69766232]
 [ 10.22287633]
 [ 10.02192841]
 [ 11.05853315]
 [ 11.22852435]
 [  9.8739434 ]
 [ 10.03924404]
 [ 10.46722693]
 [ 10.84137361]
 [  9.75924521]
 [ 11.35017967]
 [ 10.74628888]
 [ 10.26358376]
 [ 11.24624722]
 [ 11.11156079]
 [ 10.31298028]
 [ 10.37942458]
 [  9.65674537]
 [ 10.87790234]
 [ 11.32502326]
 [ 10.72278693]
 [ 11.49817263]
 [ 11.49524901]
 [ 11.00513177]
 [ 11.40916753]
 [ 10.55905497]
 [ 10.96174746]
 [ 11.21670222]
 [ 12.85904794]
 [ 13.2520628 ]
 [ 11.55495108]
 [ 11.0960177 ]
 [ 11.22273719]
 [ 10.4715865 ]
 [ 10.10626607]
 [ 10.04136997]
 [ 10.80185266]
 [ 10.53222759]
 [ 11.47973139]
 [ 10.36194889]
 [ 10.69332372]
 [ 10.95112141]
 [ 10.98017593]
 [ 10.87625876]
 [ 10.46494733]
 [ 10.26456291]
 [ 11.15471446]
 [ 11.55733534]
 [ 10.13334336]
 [ 11.54511769]
 [ 12.23044776]
 [ 12.03634475]
 [ 10.50903335]
 [  9.79658819]
 [ 10.75605542]
 [ 11.73026758]
 [ 10.91091392]
 [ 10.41690881]
 [ 12.46918271]
 [ 10.48826849]
 [ 10.97417294]
 [ 10.93993139]]
Deviation: [[ 4.79350433]]
Div size is: 835
3340 8
Matrix dim:  (3340, 8)
(3340, 8) (8, 835)
(3340, 8) (8, 3340)
[[  9.86552419]
 [ 11.13386856]
 [ 13.21236935]
 [ 10.54338995]
 [ 10.67246009]
 [ 11.0476708 ]
 [ 10.69767565]
 [ 10.02961672]
 [ 11.56255607]
 [ 10.03048682]
 [ 12.16838389]
 [ 12.20688867]
 [ 11.73241388]
 [ 10.46436509]
 [ 12.00368047]
 [ 11.8362901 ]
 [  9.74998928]
 [ 11.41782683]
 [ 11.53939292]
 [ 10.99087695]
 [ 12.27071242]
 [  9.55610041]
 [ 10.26922774]
 [ 11.32088157]
 [ 11.76833696]
 [ 12.45299885]
 [ 11.36583326]
 [  9.54315788]
 [ 10.62909368]
 [ 10.05199742]
 [ 11.85884853]
 [ 10.55878023]
 [ 11.95957069]
 [ 12.02567086]
 [ 11.93098048]
 [ 11.02983363]
 [ 11.55087993]
 [ 11.87780975]
 [ 10.29540664]
 [ 12.83814324]
 [ 11.69658034]
 [  9.9697054 ]
 [ 10.92621906]
 [ 12.39261499]
 [ 11.81026107]
 [ 10.81338382]
 [ 10.07465314]
 [ 10.71611655]
 [ 11.93192442]
 [ 11.38244697]
 [ 11.08683326]
 [ 11.99530013]
 [ 11.70312515]
 [ 12.37630396]
 [ 10.57499472]
 [ 10.35523182]
 [ 11.40597621]
 [ 13.05525696]
 [ 10.39423879]
 [ 10.93607994]
 [ 11.2921124 ]
 [ 10.57276821]
 [ 11.98924446]
 [ 10.83969638]
 [ 10.38328567]
 [  9.8977788 ]
 [ 13.42400954]
 [  9.05665078]
 [ 12.04730438]
 [ 11.96575893]
 [ 12.24695504]
 [ 12.69001744]
 [ 12.23085989]
 [  9.91869406]
 [ 11.46161281]
 [ 12.75058219]
 [ 12.28604565]
 [ 13.43295279]
 [ 11.30980065]
 [ 10.85439865]
 [ 10.19696335]
 [ 11.41979092]
 [ 12.22535647]
 [ 11.21570563]
 [  9.03011412]
 [ 12.91200274]
 [ 10.7166796 ]
 [ 13.40989877]
 [ 14.4774504 ]
 [ 11.34051977]
 [ 14.38251095]
 [ 12.05422012]
 [ 12.42666238]
 [  9.82707243]
 [  5.10907579]
 [  6.73459135]
 [  6.84247408]
 [  6.34333885]
 [  7.76453671]
 [  7.9046724 ]
 [  7.57433847]
 [  7.49274333]
 [  8.23901883]
 [  7.98315879]
 [  7.6064136 ]
 [  9.56510165]
 [  8.57992531]
 [ 10.48391829]
 [  9.68106599]
 [  8.59496032]
 [  8.99724678]
 [  8.50453571]
 [  9.16800308]
 [  8.90173356]
 [  9.48229012]
 [  9.05823991]
 [  9.47064631]
 [  9.45660112]
 [ 10.56323742]
 [  8.59026671]
 [  9.27716136]
 [  8.89538754]
 [ 10.29437932]
 [  9.53855819]
 [  9.80157966]
 [ 10.18719852]
 [ 10.69424982]
 [ 10.64448842]
 [ 10.20691971]
 [ 10.09701333]
 [ 10.78761529]
 [  9.83746745]
 [ 10.48152033]
 [ 10.70690197]
 [ 10.06460304]
 [ 10.71189687]
 [ 11.48840427]
 [ 12.68536   ]
 [ 10.56251847]
 [ 11.14027276]
 [  9.91727537]
 [ 10.39922272]
 [ 12.64104702]
 [ 11.91237403]
 [ 11.88117808]
 [ 13.01332749]
 [ 11.42180348]
 [ 11.65105769]
 [ 10.82742678]
 [ 11.78612761]
 [ 13.72205621]
 [  9.77640541]
 [ 12.80595994]
 [ 13.40535587]
 [  3.51970748]
 [  4.58659765]
 [  5.68648603]
 [  6.55611656]
 [  6.56365597]
 [  6.97812939]
 [  6.96442682]
 [  6.81177924]
 [  7.57659258]
 [  7.93831511]
 [  8.17055566]
 [  8.11576969]
 [  7.69148082]
 [  8.02931306]
 [  8.25487979]
 [  7.93060304]
 [  8.49546603]
 [  8.27223351]
 [  8.3280336 ]
 [  8.1508929 ]
 [  8.82396341]
 [  8.49742654]
 [  9.55583939]
 [  9.16582811]
 [  8.71255123]
 [  8.93299615]
 [  8.67699224]
 [  9.35716465]
 [  9.70966594]
 [  9.53897525]
 [ 10.27644573]
 [  8.66451109]
 [ 10.60331737]
 [  9.32268448]
 [  8.97357166]
 [ 10.48255313]
 [ 10.87474647]
 [  8.97770604]
 [ 10.20049204]
 [  9.38307293]
 [  9.67117763]
 [  8.34393712]
 [  9.13206363]
 [  9.56453961]
 [  9.93243414]
 [ 10.01864699]
 [ 10.56219417]
 [ 10.55284631]
 [ 10.0115035 ]
 [  9.83516283]
 [  8.72833385]
 [ 10.9862691 ]
 [ 10.06776091]
 [ 10.05325866]
 [ 10.74425101]
 [ 11.26996545]
 [ 11.05695383]
 [ 10.6609708 ]
 [ 10.12045053]
 [ 10.56046434]
 [  9.41187408]
 [ 11.05458889]
 [ 10.19426149]
 [ 11.25382814]
 [ 10.99848637]
 [  9.93276272]
 [ 10.44800878]
 [ 10.26114227]
 [ 10.20889109]
 [ 10.7394449 ]
 [ 10.30357899]
 [ 11.14268082]
 [ 11.12280855]
 [  9.40589923]
 [ 10.04355623]
 [ 10.84538252]
 [  9.31946337]
 [  9.95697932]
 [ 10.39654643]
 [ 10.88290917]
 [ 11.40906872]
 [  9.54161283]
 [ 10.85922128]
 [ 10.43575404]
 [ 11.22731077]
 [ 10.44379698]
 [ 12.12299501]
 [  9.54766936]
 [ 10.74099306]
 [ 11.09772525]
 [ 10.00563114]
 [ 10.32737782]
 [ 11.45489309]
 [ 11.93824353]
 [ 11.0414335 ]
 [ 11.72230625]
 [ 12.00411943]
 [ 11.32139868]
 [ 10.97153428]
 [ 10.74699321]
 [ 10.98286124]
 [ 10.0246352 ]
 [ 10.92791652]
 [ 10.30357284]
 [ 10.45068364]
 [ 11.70203097]
 [ 11.45377319]
 [ 12.12250853]
 [ 13.23709229]
 [ 13.32163969]
 [  9.89847855]
 [ 12.04992821]
 [ 11.36722151]
 [ 11.58745229]
 [ 11.81172768]
 [ 11.0460708 ]
 [ 12.97608371]
 [ 10.56656277]
 [  9.78025181]
 [ 11.08217451]
 [ 13.11290261]
 [ 10.87522123]
 [ 11.56124236]
 [ 10.51107424]
 [ 12.13381165]
 [ 12.53784201]
 [ 11.34725407]
 [ 13.29218252]
 [ 11.17555431]
 [ 11.86907172]
 [ 10.07873822]
 [ 10.88411365]
 [ 10.47181129]
 [ 13.13272213]
 [ 11.5124293 ]
 [ 12.50666836]
 [ 12.69575741]
 [ 12.97716967]
 [ 12.34689434]
 [ 11.97252295]
 [ 13.72582484]
 [ 12.49039134]
 [ 12.92233126]
 [ 13.56517285]
 [ 11.53145645]
 [ 12.41329168]
 [ 12.57551931]
 [ 12.45875388]
 [ 12.39581115]
 [ 11.59864241]
 [ 11.9308308 ]
 [ 13.55049782]
 [ 12.79767392]
 [ 15.40458461]
 [ 12.08850667]
 [ 13.86500758]
 [ 10.47059733]
 [ 13.27262821]
 [  9.74691331]
 [ 13.15024246]
 [ 12.17211478]
 [ 15.909615  ]
 [  2.9415279 ]
 [  2.91054174]
 [  4.03588874]
 [  5.31024914]
 [  5.28895239]
 [  5.51224689]
 [  5.43183718]
 [  5.26736336]
 [  5.47925072]
 [  6.02873821]
 [  5.88859866]
 [  6.34273113]
 [  6.30221166]
 [  6.36281938]
 [  6.47165043]
 [  6.62163141]
 [  6.69412533]
 [  6.8724745 ]
 [  6.73653668]
 [  6.86753067]
 [  6.95326403]
 [  7.9223364 ]
 [  7.44154711]
 [  7.84902801]
 [  8.03336206]
 [  7.56942291]
 [  8.47615167]
 [  8.56669807]
 [  9.40710223]
 [  8.22810105]
 [  8.50419632]
 [  9.20642279]
 [  9.45243317]
 [ 10.31811753]
 [  9.35792062]
 [  8.97580701]
 [  9.88805513]
 [  9.95579258]
 [ 10.31867383]
 [ 10.78041596]
 [ 10.62885418]
 [  9.85128515]
 [ 10.32469377]
 [  9.62121367]
 [ 10.04986377]
 [ 10.86740204]
 [ 10.90814302]
 [ 11.85778187]
 [ 12.83091591]
 [ 10.81198075]
 [  4.79694938]
 [  5.02126027]
 [  5.22188852]
 [  5.34103752]
 [  6.36325335]
 [  6.27046822]
 [  6.9727114 ]
 [  7.22728532]
 [  7.78672257]
 [  7.54275522]
 [  7.42839559]
 [  7.36360733]
 [  8.04196662]
 [  8.51868278]
 [  8.49340393]
 [ 14.78649509]
 [  8.01255801]
 [  7.89030558]
 [  7.83959177]
 [  8.45834584]
 [  8.89156461]
 [  8.4931072 ]
 [  9.38342632]
 [  8.42420753]
 [  9.18437842]
 [  9.29920561]
 [  8.5753094 ]
 [  9.09733352]
 [  9.05392822]
 [  9.87060769]
 [ 10.13733829]
 [  9.15333814]
 [  9.84137543]
 [  8.60987236]
 [ 10.20641543]
 [ 10.01806071]
 [ 10.20493004]
 [ 10.37176017]
 [ 12.26553034]
 [ 10.61090381]
 [ 11.39513794]
 [  9.84490181]
 [ 11.15214489]
 [ 10.75479632]
 [ 10.65375856]
 [ 10.39268515]
 [ 10.64160323]
 [ 11.89571424]
 [ 10.75899657]
 [ 13.09456558]
 [  9.97127275]
 [ 11.54895535]
 [ 13.8750551 ]
 [ 14.79718493]
 [ 16.30232187]
 [  8.90010433]
 [ 10.61755285]
 [  9.99178862]
 [  7.7904628 ]
 [  7.46956986]
 [  9.90726001]
 [  8.28874847]
 [  9.16888176]
 [  7.85659607]
 [  7.34838938]
 [  9.96562683]
 [  7.93790253]
 [  7.21632502]
 [  9.52849317]
 [ 11.25431058]
 [ 12.00816847]
 [ 15.79148846]
 [ 17.43236365]
 [ 11.52239355]
 [  5.89250919]
 [  8.02965409]
 [  9.10153173]
 [  7.55036282]
 [  2.51758439]
 [  3.41872275]
 [  5.5469171 ]
 [  6.70404502]
 [  9.00059253]
 [  8.72656234]
 [  8.14479275]
 [  9.23491486]
 [  8.45510157]
 [  5.04541729]
 [  7.05737026]
 [  9.43347998]
 [  9.78389247]
 [  7.25950475]
 [ 13.2861672 ]
 [ 11.31741741]
 [ 10.39276979]
 [  6.00568378]
 [  9.91096656]
 [  8.33334755]
 [  8.60384358]
 [  9.88972103]
 [ 11.26066935]
 [ 11.61025692]
 [ 11.24179354]
 [ 13.77796188]
 [  8.7426389 ]
 [  6.01986518]
 [  8.74292087]
 [  8.9488629 ]
 [  8.87465722]
 [  8.17469461]
 [  9.0836973 ]
 [  9.63246654]
 [  7.93074873]
 [  5.09618859]
 [  8.75747198]
 [ 13.72480899]
 [  7.68482342]
 [  5.29941973]
 [ 10.4747857 ]
 [ 12.53819773]
 [ 13.63398885]
 [ 15.18904818]
 [ 11.73789144]
 [ 11.958279  ]
 [ 13.72326466]
 [ 18.56024644]
 [ 12.47029679]
 [ 11.14064861]
 [  7.24885425]
 [ 11.66372354]
 [  7.12229195]
 [  6.87410681]
 [  6.17046735]
 [  2.9404564 ]
 [  5.35390806]
 [  3.36459412]
 [  3.92646635]
 [ 11.11922164]
 [ 12.42400979]
 [ 12.48410402]
 [ 12.5096412 ]
 [ 14.40666294]
 [ 12.96742789]
 [ 13.71237189]
 [ 13.77464478]
 [ 10.95103917]
 [ 12.34071997]
 [ 12.30353658]
 [  6.05355099]
 [  8.36660126]
 [  9.47909028]
 [ 11.04295818]
 [  9.22793217]
 [  9.61710797]
 [ 12.56148811]
 [ 13.82043073]
 [ 11.41789575]
 [  4.31565589]
 [  8.4916139 ]
 [  5.4688246 ]
 [  7.13906495]
 [  7.82897491]
 [  5.3010525 ]
 [ 15.89851079]
 [ 13.504656  ]
 [ 15.70388968]
 [ 11.24483055]
 [ 13.12818914]
 [  8.25982506]
 [  5.50317057]
 [  5.71822935]
 [  8.30765563]
 [ 16.51858701]
 [ 15.140118  ]
 [ 16.49042302]
 [ 12.63607367]
 [ 14.2715857 ]
 [ 14.77670078]
 [  8.70153067]
 [  9.43982272]
 [  6.51871601]
 [ 10.62770673]
 [ 10.11972007]
 [  9.68262185]
 [ 10.14356338]
 [ 12.53703135]
 [ 15.271636  ]
 [ 13.42200742]
 [ 11.30278806]
 [ 11.68541112]
 [  7.31790707]
 [  5.37418313]
 [ 10.33922155]
 [  7.27540046]
 [ 11.73598187]
 [ 10.771271  ]
 [ 11.48914199]
 [ 12.2861073 ]
 [ 11.96304422]
 [ 13.40591892]
 [ 11.47080151]
 [ 13.31224755]
 [  7.92434052]
 [  8.80965535]
 [  9.36254488]
 [  8.40603844]
 [ 10.17613755]
 [  9.1320844 ]
 [  7.16004022]
 [  9.87998234]
 [  7.90451515]
 [  8.74992229]
 [  7.00235761]
 [ 12.2654291 ]
 [ 12.70679045]
 [ 12.07994799]
 [ 12.30654724]
 [ 11.32355486]
 [ 11.62627659]
 [ 10.86229977]
 [  9.52447398]
 [ 11.27675211]
 [  8.42370134]
 [ 10.36837086]
 [ 12.20378733]
 [ 11.43152026]
 [ 12.39934666]
 [ 11.41525121]
 [ 13.19120936]
 [ 14.22804345]
 [ 11.37221948]
 [ 13.4607442 ]
 [ 11.31684565]
 [ 10.71618071]
 [ 11.03473002]
 [  9.91103481]
 [ 13.74201569]
 [ 12.89081585]
 [ 15.53438355]
 [ 13.9782133 ]
 [ 13.25266791]
 [ 13.11226184]
 [  8.40910929]
 [  9.33664052]
 [  8.65459329]
 [  9.72120704]
 [  8.78905716]
 [  7.91199496]
 [  7.57168779]
 [  7.76835908]
 [  9.21189165]
 [  7.53544221]
 [  6.68590257]
 [ 10.88012842]
 [  6.62898942]
 [  9.02319914]
 [  6.99792168]
 [  6.52618346]
 [  9.61447593]
 [ 10.54283172]
 [ 10.77963688]
 [  8.39986596]
 [  7.98924894]
 [  8.99497452]
 [  9.53217979]
 [  9.42136562]
 [  9.10469901]
 [ 10.47285689]
 [ 11.20934376]
 [ 10.84138267]
 [ 12.50057721]
 [  9.96458376]
 [  9.1400625 ]
 [  9.56764674]
 [  8.72977895]
 [  6.59802948]
 [  6.0197912 ]
 [ 12.05238521]
 [ 11.22583997]
 [ 11.74256046]
 [ 10.82015396]
 [ 11.57386295]
 [  9.92150038]
 [  9.88233091]
 [  7.85396468]
 [ 10.33423909]
 [ 10.1334572 ]
 [  8.06694528]
 [ 13.93282688]
 [  8.14411251]
 [  9.15060543]
 [  9.49322334]
 [ 10.13550947]
 [ 10.40807959]
 [  8.31485704]
 [ 12.6776059 ]
 [ 10.07132507]
 [ 14.33536155]
 [ 15.3785292 ]
 [ 12.54624035]
 [ 11.40552629]
 [ 10.37614775]
 [ 12.97195409]
 [ 13.16731997]
 [ 11.64017444]
 [  6.11079927]
 [  4.9490901 ]
 [  3.38581766]
 [ 13.95085228]
 [ 15.31326228]
 [ 11.01208953]
 [  9.7298173 ]
 [ 10.12632186]
 [  8.66222742]
 [ 10.61150687]
 [ 11.58523031]
 [ 13.64663993]
 [ 14.87391191]
 [ 11.41348538]
 [ 10.56504631]
 [ 12.1220707 ]
 [ 10.99456392]
 [ 13.62120757]
 [ 13.55418236]
 [ 11.38639011]
 [ 10.77113006]
 [ 13.88736421]
 [ 11.11085592]
 [ 12.24134403]
 [ 11.98326606]
 [ 12.01757618]
 [ 13.91380629]
 [ 15.05692182]
 [ 11.58841967]
 [  7.98127878]
 [  3.41720882]
 [  8.03447368]
 [  9.90723437]
 [  8.63583934]
 [  6.92600473]
 [  8.30783533]
 [ 10.12136931]
 [  8.19042344]
 [  6.82237176]
 [  3.37475175]
 [  2.86401285]
 [ 10.1267292 ]
 [ 10.47613486]
 [  8.67867029]
 [  8.70800501]
 [  9.16946725]
 [  8.83959737]
 [ 10.23296429]
 [  8.63412534]
 [  9.13686148]
 [  6.96719669]
 [  6.30807788]
 [  5.83416189]
 [ 11.26488049]
 [ 11.64037313]
 [ 12.32305508]
 [ 12.47938403]
 [  8.58879451]
 [ 10.26622978]
 [  8.98266757]
 [ 10.64139062]
 [  9.3466949 ]
 [  5.6961092 ]
 [ 12.01887421]
 [ 11.7506998 ]
 [ 12.60472523]
 [ 11.47752669]
 [ 11.83078954]
 [ 13.35479266]
 [  9.10910193]
 [  9.89775863]
 [  6.28592703]
 [  8.98601844]
 [  8.28686217]
 [  8.14029189]
 [  8.86174342]
 [  5.90444272]
 [  9.12940396]
 [  9.12876622]
 [  6.35465396]
 [ 11.46205242]
 [  9.27486331]
 [  8.01682626]
 [  4.92197951]
 [ 11.40714975]
 [ 12.05052062]
 [  4.91286329]
 [  9.48244752]
 [  6.71172821]
 [ 10.62693845]
 [ 13.40047299]
 [ 12.63965896]
 [ 14.72573989]
 [ 13.08020626]
 [ 10.1138243 ]
 [ 11.77879963]
 [  6.52793623]
 [ 11.47416891]
 [  6.76000844]
 [  8.92753434]
 [ 10.71637487]
 [  9.11309491]
 [  8.77634867]
 [  9.17060858]
 [  9.76118657]
 [ 12.11778274]
 [  5.42257536]
 [  6.77162061]
 [  7.20935619]
 [  8.34521226]
 [  6.72249329]
 [  7.95672397]
 [  5.84244193]
 [  5.17166583]
 [  4.57984981]
 [  4.75196063]
 [  4.83779535]
 [  3.85349955]
 [ 12.52565228]
 [  9.33910034]
 [ 10.90665733]
 [  8.42618974]
 [ 11.13226749]
 [ 10.28951496]
 [  9.5233089 ]
 [  8.23238437]
 [ 10.27261932]
 [  6.90660868]
 [ 10.94498358]
 [ 10.91393598]
 [ 12.4545942 ]
 [ 11.39456887]
 [ 11.31943334]
 [ 11.08161746]
 [ 12.16190467]
 [ 11.84330185]
 [ 11.68529374]
 [  9.76125414]
 [ 11.48540305]
 [ 11.52501013]
 [  7.31111059]
 [ 10.7796596 ]
 [ 11.78470521]
 [ 10.27264739]
 [  6.84683216]
 [ 11.11567729]
 [ 11.57812781]
 [ 10.2936228 ]
 [  9.75015053]
 [  8.24524582]
 [ 12.52985275]
 [ 10.50784002]
 [  7.92404572]
 [  8.32428458]
 [ 10.34678597]
 [ 10.13526619]
 [ 11.25686351]
 [ 11.46050672]
 [ 12.51461079]
 [ 10.22587946]
 [  6.72492764]
 [  5.43250449]
 [  5.76773172]
 [  6.17749575]]
Deviation: [[ 5.03057505]]
Div size is: 835
3340 8
Matrix dim:  (3340, 8)
(3340, 8) (8, 835)
(3340, 8) (8, 3340)
[[  6.55744228]
 [  7.40152519]
 [  7.36993597]
 [  8.02296138]
 [  7.47431446]
 [  7.68772489]
 [  7.99314263]
 [  9.1090561 ]
 [  8.95695673]
 [  8.90070903]
 [  8.42177134]
 [  8.91566888]
 [  8.03966821]
 [  8.94250055]
 [  9.92637789]
 [  8.71853956]
 [  9.48549315]
 [ 10.71789696]
 [  9.94915812]
 [ 11.19238352]
 [ 10.48712085]
 [ 10.6147523 ]
 [ 12.39719562]
 [ 11.10310942]
 [ 10.46397905]
 [  9.81984302]
 [ 10.76592886]
 [  9.86626327]
 [ 11.95476316]
 [ 12.67316225]
 [ 12.82090051]
 [ 13.6677732 ]
 [ 13.13714757]
 [ 13.53635381]
 [ 13.88923968]
 [ 13.08494306]
 [ 10.54252033]
 [ 14.95327005]
 [ 12.27455691]
 [  8.99166444]
 [  4.05264321]
 [  4.51644535]
 [  4.63458559]
 [  5.30504467]
 [  5.40664409]
 [  5.40673127]
 [  5.72499906]
 [  5.86059802]
 [  6.16641864]
 [  6.98029493]
 [  7.14555764]
 [  7.11400644]
 [  7.60611443]
 [  7.26088725]
 [  8.03680524]
 [  8.33151098]
 [  7.7724043 ]
 [  8.11435629]
 [  8.22132942]
 [  8.36320393]
 [  8.70457265]
 [  8.81982147]
 [  8.52443063]
 [  8.41644827]
 [  8.52400998]
 [  8.33326403]
 [  8.1468737 ]
 [  8.05657809]
 [  8.77755485]
 [  8.61231979]
 [  9.04437345]
 [  9.35371404]
 [  9.93246743]
 [  9.47814109]
 [  8.93340923]
 [  8.89551001]
 [  8.66523373]
 [  9.7749286 ]
 [  9.21593533]
 [ 10.23435531]
 [  7.86665029]
 [  9.62755714]
 [  9.44523201]
 [ 10.19802862]
 [ 10.48794455]
 [ 10.42895284]
 [ 10.55146208]
 [ 10.32062973]
 [ 10.40186682]
 [ 10.63671757]
 [ 11.43986948]
 [ 11.03811322]
 [  9.45537405]
 [ 10.51860282]
 [  9.71804348]
 [ 11.44508594]
 [ 11.00205029]
 [ 10.84042839]
 [ 11.49736874]
 [ 11.42410465]
 [  9.46321333]
 [  9.93981707]
 [ 11.93604592]
 [ 12.788523  ]
 [ 10.96641915]
 [ 10.58194504]
 [ 10.77162044]
 [ 12.20308539]
 [ 12.04643605]
 [ 11.35390021]
 [ 10.94983237]
 [  9.75000099]
 [ 10.10153483]
 [ 13.03825966]
 [ 11.6674644 ]
 [ 11.97120674]
 [ 13.42933601]
 [ 14.00444618]
 [ 12.97121151]
 [ 10.81144732]
 [ 12.10746097]
 [  4.24231289]
 [ -1.39418317]
 [  5.59023975]
 [  6.2219528 ]
 [  7.16174736]
 [  7.5276693 ]
 [  7.55880366]
 [  8.50872721]
 [  8.04380696]
 [  7.83874485]
 [  7.84157669]
 [  8.57459062]
 [  9.13778069]
 [  8.32287394]
 [  8.48806149]
 [  7.53336891]
 [  8.97476575]
 [  8.94725231]
 [  8.48102244]
 [  8.42557573]
 [  9.14032227]
 [  8.87704542]
 [  8.83240569]
 [  8.46529518]
 [  9.90629772]
 [  9.19461568]
 [  9.72514494]
 [  9.47979429]
 [  8.93731587]
 [  9.63192547]
 [  8.65022127]
 [  9.09331985]
 [ 10.03524789]
 [  8.87564208]
 [ 10.6957489 ]
 [ 10.19046575]
 [ 10.80327298]
 [  8.76553883]
 [ 10.25325908]
 [ 10.59898285]
 [ 10.12380019]
 [  9.67948238]
 [ 11.10582493]
 [ 10.743642  ]
 [  9.83667222]
 [ 10.60622901]
 [  9.97003684]
 [ 11.26151171]
 [ 10.05316275]
 [  8.46435425]
 [ 11.33550937]
 [  9.64232036]
 [  7.63623289]
 [  9.16286681]
 [ 11.1599779 ]
 [ 11.14088661]
 [ 11.11647098]
 [  9.64918093]
 [ 11.49034822]
 [ 11.74037535]
 [ 10.87560368]
 [ 10.80786084]
 [  9.19812263]
 [ 12.01193153]
 [  9.87522937]
 [ 11.25537172]
 [ 11.58252928]
 [ 11.03478479]
 [ 11.46440239]
 [  9.70680398]
 [ 11.00021111]
 [ 10.86683711]
 [ 11.67607379]
 [ 11.8799448 ]
 [  8.66153996]
 [ 11.81816957]
 [ 11.14147007]
 [ 10.81067435]
 [ 10.64634821]
 [ 12.74270864]
 [ 10.93155573]
 [ 10.4145588 ]
 [ 11.4950263 ]
 [ 12.09676008]
 [ 10.69703398]
 [  3.64198308]
 [  4.05767048]
 [  4.78962825]
 [  5.5996413 ]
 [  6.61292016]
 [  6.23695344]
 [  6.82061312]
 [  6.73634664]
 [  6.95115771]
 [  7.00190993]
 [  7.39589857]
 [  7.21666827]
 [  7.16382421]
 [  7.06551182]
 [  7.6223432 ]
 [  7.20138806]
 [  8.2039514 ]
 [  5.71718206]
 [  7.89506579]
 [  7.39810982]
 [  8.15189619]
 [  8.24204342]
 [  7.97135727]
 [  8.40727683]
 [  7.74584609]
 [  8.35559357]
 [  8.94903427]
 [  7.82022408]
 [  8.52311833]
 [  7.92680997]
 [  7.93211757]
 [  8.51205068]
 [  8.07833579]
 [  9.18853175]
 [  9.50505824]
 [ 10.35607953]
 [  9.09210715]
 [ 10.23958942]
 [  9.33039025]
 [  8.40547682]
 [ 10.25007933]
 [ 10.05264376]
 [  9.63807114]
 [ 10.43797289]
 [  9.79214388]
 [  9.12167022]
 [  9.33154974]
 [ 10.71657185]
 [ 11.04429842]
 [ 10.83368117]
 [  9.59763868]
 [  8.45536627]
 [ 10.91105396]
 [  9.53386618]
 [ 11.59872714]
 [  9.41765658]
 [ 10.19696214]
 [ 10.9599332 ]
 [ 11.5574041 ]
 [  9.29887626]
 [ 10.07149822]
 [ 10.42548414]
 [ 10.073928  ]
 [ 11.01006737]
 [ 12.07129316]
 [ 11.22978599]
 [ 11.15702972]
 [ 10.16579386]
 [ 10.35757856]
 [ 10.55748682]
 [ 10.35565902]
 [ 10.57382027]
 [ 11.68574124]
 [ 10.3461749 ]
 [ 10.46780394]
 [  8.88392348]
 [ 11.24249534]
 [ 10.50824731]
 [  9.71215231]
 [  9.81810561]
 [ 10.55365545]
 [ 11.61116232]
 [ 11.52542371]
 [ 11.09514195]
 [ 10.72112731]
 [ 14.26400698]
 [ 11.56696794]
 [ 11.19941506]
 [ 10.79540317]
 [ 11.61770037]
 [  9.74681549]
 [ 11.49621498]
 [ 12.2273562 ]
 [ 11.67323347]
 [ 12.32835161]
 [ 10.83194945]
 [ 12.31648382]
 [ 11.51085875]
 [ 13.15199865]
 [  8.33686962]
 [  7.92866523]
 [  4.56941929]
 [  5.00096324]
 [  5.22921645]
 [  5.84275034]
 [  6.00751497]
 [  5.80348769]
 [  6.56129087]
 [  7.10890118]
 [  7.01782289]
 [  7.39093148]
 [  8.55718788]
 [  8.1814704 ]
 [  8.43131898]
 [  8.32644561]
 [  8.45678283]
 [  9.56390958]
 [  8.0577887 ]
 [  8.31064426]
 [  8.57754268]
 [  8.89773174]
 [  9.54934721]
 [  9.40521322]
 [  9.81446589]
 [ 10.00133078]
 [  9.87233283]
 [  9.41391716]
 [  8.73872698]
 [ 10.41971939]
 [ 11.47885605]
 [ 11.48368922]
 [ 10.62515399]
 [ 10.29392687]
 [  9.45298504]
 [ 10.52427366]
 [ 10.02212395]
 [  9.5567353 ]
 [ 10.8535101 ]
 [ 10.44200054]
 [  9.86052895]
 [ 12.90515685]
 [ 11.57379274]
 [ 11.63257379]
 [  8.10687671]
 [ 12.67976502]
 [  8.60665816]
 [  9.56905243]
 [ 12.23970968]
 [ 10.66134494]
 [ 13.56060131]
 [ 13.2598631 ]
 [  9.39377769]
 [  9.82667595]
 [  6.01779959]
 [  6.17790541]
 [  5.69422909]
 [  6.22631472]
 [  6.5538828 ]
 [  7.19369086]
 [  7.31006989]
 [  7.35386234]
 [  7.5133185 ]
 [  8.15963367]
 [  8.48489161]
 [  8.92332772]
 [  7.83395167]
 [  9.86190852]
 [  9.05773532]
 [  9.19009782]
 [  9.27859552]
 [  8.89180526]
 [ 10.07267738]
 [  9.18279498]
 [ 10.45707184]
 [ 10.00835844]
 [  9.00542247]
 [ 10.24632228]
 [ 10.34625531]
 [  9.20241848]
 [  9.61587798]
 [  9.54825705]
 [ 10.23424435]
 [  9.57008304]
 [ 10.27391673]
 [  9.94454835]
 [  9.8645724 ]
 [ 10.01293513]
 [ 10.85386861]
 [ 10.81001639]
 [ 10.22355905]
 [ 10.37075125]
 [ 10.27964639]
 [  9.36724772]
 [  9.72530774]
 [  9.38542538]
 [ 11.663741  ]
 [ 10.10032024]
 [ 10.08144299]
 [ 11.21188545]
 [ 10.73087622]
 [ 10.05526098]
 [ 10.94966656]
 [ 11.61636158]
 [ 11.23604642]
 [ 10.40097014]
 [ 10.40890562]
 [  9.40249428]
 [ 10.2230431 ]
 [ 11.54059905]
 [ 10.29767584]
 [ 10.783161  ]
 [ 11.23215954]
 [ 12.29451006]
 [ 12.57810239]
 [ 11.81362902]
 [ 10.08200785]
 [ 12.88974417]
 [ 10.43239046]
 [  9.98952636]
 [ 10.69906839]
 [ 10.59168281]
 [ 11.44677593]
 [ 11.02601106]
 [ 11.05995083]
 [ 11.26532259]
 [ 11.69121901]
 [  9.70556014]
 [ 11.36531084]
 [ 11.42435926]
 [ 10.32006405]
 [ 11.82617003]
 [ 10.8562295 ]
 [ 11.3203494 ]
 [ 12.24046262]
 [ 11.4292937 ]
 [ 11.52086116]
 [ 12.4420251 ]
 [ 11.29283715]
 [ 11.70522223]
 [ 11.44362122]
 [ 13.07736393]
 [ 10.13202532]
 [ 11.80942888]
 [ 12.54246928]
 [ 12.32103134]
 [ 11.76502623]
 [ 12.82832638]
 [ 11.02318618]
 [ 13.30424397]
 [  9.98660178]
 [ 10.52388229]
 [ 12.41118441]
 [ 13.76328107]
 [ 10.68124525]
 [ 12.31355813]
 [ 10.6746849 ]
 [ 10.98154437]
 [ 10.99058236]
 [ 11.89305007]
 [  7.7023535 ]
 [ 10.0288074 ]
 [ 11.16293191]
 [ 13.67245241]
 [ 11.40433214]
 [  5.85444446]
 [  7.86500627]
 [  7.05149541]
 [  9.54761976]
 [  8.21583713]
 [  8.29770987]
 [  7.79838537]
 [  9.66256128]
 [  8.45229609]
 [  7.89073042]
 [  9.22300487]
 [  9.58612419]
 [  9.91210828]
 [  8.7051851 ]
 [  8.19028765]
 [ 10.27412398]
 [ 10.09915503]
 [ 10.54088498]
 [ 10.59682924]
 [ 12.21478873]
 [ 10.4345323 ]
 [ 11.21362983]
 [ 10.78749073]
 [ 12.034829  ]
 [ 11.23038982]
 [ 11.52765316]
 [  9.16820825]
 [ 12.38632118]
 [ 10.83414765]
 [ 11.25787438]
 [ 11.08233678]
 [ 11.12268799]
 [  8.95316021]
 [ 17.23959063]
 [  4.94017164]
 [  7.03762029]
 [  7.32351592]
 [  7.7135477 ]
 [  7.675397  ]
 [  7.51919473]
 [  8.47054778]
 [  8.52748757]
 [  8.61579775]
 [  8.25587065]
 [  8.97524145]
 [  8.96919285]
 [  9.37634362]
 [  9.61242576]
 [  9.29595528]
 [  9.64217902]
 [  9.28446149]
 [  9.1046222 ]
 [ 10.11082783]
 [  9.79823885]
 [ 10.19240091]
 [  9.25410981]
 [  9.40265296]
 [ 11.03591293]
 [  9.35498822]
 [ 12.2586196 ]
 [ 10.37476558]
 [ 11.58300333]
 [ 10.68221677]
 [ 11.08027884]
 [ 10.97250603]
 [ 10.63518258]
 [ 10.6377314 ]
 [ 11.10153074]
 [ 11.06500555]
 [  9.95934995]
 [ 10.17990197]
 [ 10.9965698 ]
 [  9.99834529]
 [ 10.73479611]
 [ 11.01294511]
 [ 13.9473006 ]
 [ 11.3845249 ]
 [ 11.43913899]
 [ 11.97703677]
 [ 11.2756194 ]
 [ 12.47861087]
 [ 12.18986022]
 [ 12.01354402]
 [ 12.56372612]
 [ 12.35071843]
 [ 12.75081303]
 [ 13.74147722]
 [ 11.80024166]
 [ 11.777423  ]
 [ 13.50207158]
 [ 10.59990579]
 [ 11.33536728]
 [ 11.13806195]
 [ 11.16689383]
 [ 11.46100054]
 [ 11.45229128]
 [ 10.88669755]
 [ 10.40526608]
 [ 13.64161606]
 [ 12.59617685]
 [ 12.6072926 ]
 [ 15.5640456 ]
 [ 11.59688581]
 [ 13.39772763]
 [ 13.93440163]
 [ 15.1846303 ]
 [ 18.21364879]
 [ 10.83260239]
 [  4.44999107]
 [  4.40729765]
 [  4.8843795 ]
 [  3.53668802]
 [  7.90992444]
 [  7.82740161]
 [  8.56761916]
 [  9.27493503]
 [  9.68493343]
 [  9.95846908]
 [ 10.669302  ]
 [  9.96212454]
 [  8.88578086]
 [  9.74789428]
 [ 11.89140195]
 [ 11.26073187]
 [ 10.37106487]
 [  8.50000767]
 [ 10.88487825]
 [ 10.82095457]
 [ 12.9277217 ]
 [ 12.80965942]
 [  5.4798858 ]
 [  5.59468723]
 [  6.60971413]
 [  7.27027375]
 [  7.55706054]
 [  7.8127716 ]
 [  7.98021715]
 [  8.29867928]
 [  8.05099408]
 [  8.22885097]
 [  7.10562478]
 [  7.0619048 ]
 [  9.53277628]
 [  9.66220443]
 [  9.86059572]
 [ 10.02386729]
 [  8.69613454]
 [  9.32916048]
 [ 11.16204766]
 [ 10.83243247]
 [  9.97457572]
 [ 12.93358225]
 [ 11.72196279]
 [ 10.16781823]
 [ 12.64902714]
 [ 11.88236686]
 [ 10.40122511]
 [ 10.71006565]
 [  9.78496733]
 [  9.471417  ]
 [  9.61116532]
 [ 10.82761729]
 [  9.66661345]
 [ 10.6511943 ]
 [  6.78362593]
 [ 14.43913689]
 [  3.78726244]
 [  4.26020539]
 [  3.79925915]
 [ 11.00585845]
 [ 10.76881294]
 [ 11.18584391]
 [ 12.11914954]
 [ 16.20679845]
 [ 17.43357804]
 [ 12.07366226]
 [ 16.69608623]
 [  8.59218226]
 [  8.31290204]
 [ 10.4428222 ]
 [  9.2454485 ]
 [ 12.45381458]
 [  8.5704175 ]
 [ 10.12645625]
 [  6.4023813 ]
 [  5.22575978]
 [  6.03259689]
 [ 13.16645057]
 [ 10.539989  ]
 [ 13.22201153]
 [ 10.33572137]
 [ 13.50374467]
 [ 11.08902886]
 [ 12.12224611]
 [ 11.81418088]
 [ 11.98179932]
 [ 11.01957729]
 [ 10.54196248]
 [  6.67036223]
 [  9.42069992]
 [ 10.85393151]
 [  9.50590663]
 [  9.81900451]
 [  7.51665703]
 [  5.26081452]
 [  7.35248285]
 [ 10.37551581]
 [ 15.37707043]
 [ 10.64837262]
 [ 13.82304674]
 [ 10.67897905]
 [  8.39014449]
 [  9.39594704]
 [ 15.30364833]
 [  9.71645871]
 [  3.78332203]
 [ 12.39555574]
 [  9.65240616]
 [ 12.37821928]
 [ 11.91647071]
 [ 13.67962999]
 [  6.34577592]
 [  6.2182757 ]
 [  9.10678867]
 [  9.84602324]
 [ 10.48523001]
 [  7.6148966 ]
 [ 14.85155838]
 [ 13.3015494 ]
 [ 15.54180561]
 [  6.8428976 ]
 [  5.92464606]
 [  9.80647482]
 [  6.58739154]
 [  9.31378634]
 [ 11.20144011]
 [ 11.99181187]
 [ 12.36563307]
 [ 10.50603803]
 [ 11.43643738]
 [ 11.89610759]
 [ 16.6086431 ]
 [  8.73684352]
 [ 13.51366323]
 [ 14.90093955]
 [ 10.72924622]
 [  7.8257254 ]
 [ 12.93518678]
 [ 11.56154262]
 [ 15.33357078]
 [  8.96614155]
 [  8.33722563]
 [  8.70369549]
 [  8.37021132]
 [ 13.33262033]
 [ 11.16087354]
 [  8.26468506]
 [ 11.12632285]
 [ 11.99018656]
 [ 13.49333408]
 [ 13.38390871]
 [  7.19931517]
 [ 12.78082079]
 [ 12.727042  ]
 [ 12.88395445]
 [ 10.85513524]
 [ 12.07371683]
 [ 12.57869337]
 [ 13.78236526]
 [ 12.87160895]
 [ 12.92169925]
 [ 11.52661048]
 [ 12.71677229]
 [ 11.99927061]
 [  5.9714715 ]
 [  8.65227736]
 [  9.28317067]
 [  8.69677405]
 [  8.29645648]
 [  8.3153983 ]
 [  5.90943825]
 [ 11.60281515]
 [  8.81159012]
 [  9.12379729]
 [ 11.85585325]
 [ 11.39104425]
 [ 12.09072079]
 [ 11.4624579 ]
 [ 10.72825967]
 [ 10.81805317]
 [  9.73930591]
 [  9.15553371]
 [  7.52024201]
 [  8.22361271]
 [ 12.19985587]
 [ 12.32598075]
 [ 11.19206257]
 [  9.38863551]
 [  9.91988629]
 [ 10.73557036]
 [  8.36199771]
 [  9.86880505]
 [ 10.26291392]
 [ 10.76811452]
 [ 15.72781329]
 [ 16.10922832]
 [ 11.26456033]
 [ 11.69754324]
 [ 11.96985682]
 [ 11.14456079]
 [ 12.13426996]
 [ 11.8156353 ]
 [ 10.76006321]
 [ 10.71789765]
 [ 11.03026056]
 [  9.92038535]
 [ 10.25714568]
 [  9.51285725]
 [  9.93092338]
 [ 12.24659945]
 [ 10.92131848]
 [ 12.27292707]
 [ 12.63447169]
 [ 12.78826513]
 [ 13.11770516]
 [ 13.26807154]
 [ 13.0639419 ]
 [ 14.2652017 ]
 [ 12.58625059]
 [ 10.96049403]
 [ 12.85827703]
 [  8.18816323]
 [  8.47617717]
 [  5.40845467]
 [  9.11199289]
 [ 12.22810734]
 [  9.77345567]
 [ 10.72570573]
 [  7.85987505]
 [  8.66128549]
 [  6.93071731]
 [  9.64016434]
 [  5.23426598]
 [  3.24286201]
 [ 16.62934906]
 [ 11.15054812]
 [ 10.24915181]
 [  9.12926354]
 [  7.63644674]
 [  7.13054063]
 [  6.85162955]
 [ 11.40398045]
 [ 11.8300856 ]
 [ 11.60565666]
 [ 10.93099397]
 [  7.48796727]
 [  9.29229878]
 [  9.70351691]
 [  9.08531764]
 [  8.02489829]
 [  8.89488482]
 [  9.01244816]
 [ 13.55664529]
 [ 16.4996221 ]
 [ 12.168678  ]]
Deviation: [[ 4.78846232]]
Div size is: 835
3340 8
Matrix dim:  (3340, 8)
(3340, 8) (8, 835)
(3340, 8) (8, 3340)
[[ 10.10209637]
 [ 10.23948606]
 [  8.42380026]
 [  9.19525715]
 [ 10.95249575]
 [ 10.24374698]
 [ 11.12591672]
 [  8.2225081 ]
 [  8.52789218]
 [  9.88376897]
 [  9.95917617]
 [ 10.12411246]
 [  9.72004319]
 [  9.79881049]
 [  8.49401564]
 [  8.69787347]
 [  7.40140479]
 [  7.23885319]
 [  5.58007819]
 [ 12.58613107]
 [ 12.14917394]
 [  7.9245872 ]
 [  7.76522884]
 [ 10.10748611]
 [  6.44279504]
 [  8.68504597]
 [  5.41094144]
 [ 13.75105931]
 [ 12.49953528]
 [ 13.56856897]
 [  9.01115685]
 [  6.41433215]
 [  9.80519891]
 [ 11.67526599]
 [  9.09448931]
 [  8.54315341]
 [  6.21698957]
 [  5.170379  ]
 [  6.57992739]
 [  5.72640425]
 [  3.65166277]
 [ 12.22236035]
 [  9.78403836]
 [  9.48986711]
 [  5.86560998]
 [  8.81890559]
 [ 10.33625682]
 [ 11.78757897]
 [ 11.34526386]
 [ 12.10832576]
 [  9.58128342]
 [ 11.46282351]
 [ 12.84951405]
 [ 11.83774236]
 [ 12.24329689]
 [ 14.24234693]
 [ 12.24445544]
 [ 10.31224145]
 [  7.17962434]
 [  8.74886262]
 [ 11.47159101]
 [ 11.17888309]
 [ 10.43074838]
 [  7.34008623]
 [  7.41168647]
 [  6.38019335]
 [  6.93607264]
 [  6.69163361]
 [  7.49689656]
 [  7.72490307]
 [  7.59871723]
 [  7.66768252]
 [  9.22106985]
 [  8.78631993]
 [  8.84522933]
 [ 11.61255992]
 [  9.12868447]
 [  9.9834621 ]
 [ 12.11721224]
 [  9.91104487]
 [ 12.65178534]
 [ 10.45496567]
 [ 10.53591954]
 [ 11.00164243]
 [ 12.56594995]
 [ 12.45493631]
 [ 11.77196245]
 [ 10.81706104]
 [  4.79040053]
 [  5.43426239]
 [  6.21939364]
 [  6.99226524]
 [  6.91930023]
 [  7.09013106]
 [  6.75894156]
 [  7.27408377]
 [  7.36660701]
 [  7.32918896]
 [  7.76441556]
 [  8.46328604]
 [  8.62434189]
 [  8.79138311]
 [  7.69486596]
 [  8.98426208]
 [  9.12150033]
 [  9.66508184]
 [  8.69465887]
 [  9.23906011]
 [  9.20290996]
 [  8.61946515]
 [  9.9050085 ]
 [ 10.9037048 ]
 [  9.50931498]
 [  9.25336039]
 [ 10.33698105]
 [ 11.08279988]
 [ 10.3084254 ]
 [ 11.66369092]
 [ 10.88192264]
 [ 10.63768489]
 [ 10.77203843]
 [ 12.40357862]
 [ 12.42219306]
 [ 12.84711222]
 [ 10.9353753 ]
 [ 12.41126005]
 [ 10.98990711]
 [ 12.55468582]
 [ 11.6092709 ]
 [ 14.03347361]
 [ 14.41386225]
 [ 11.489898  ]
 [  3.38536821]
 [  4.06298294]
 [  6.42853211]
 [  7.68796915]
 [  7.72661374]
 [  7.45676925]
 [  7.80475062]
 [  7.72578044]
 [  8.17094331]
 [  7.87163323]
 [  9.59696097]
 [  9.33226474]
 [  9.00832165]
 [  7.1249417 ]
 [  9.93941012]
 [  8.99647503]
 [  9.62475216]
 [ 10.03904032]
 [ 10.02852901]
 [  9.93385925]
 [  9.78701354]
 [  9.87041709]
 [  9.61441841]
 [  9.49080345]
 [ 10.14915047]
 [  9.3986971 ]
 [ 11.14882822]
 [ 10.71355007]
 [ 10.11314595]
 [ 11.29622306]
 [ 11.08170439]
 [ 12.37524335]
 [ 10.85346512]
 [ 11.86007219]
 [  9.60720167]
 [ 11.24670892]
 [ 11.32609362]
 [ 10.82732477]
 [ 10.59817687]
 [ 10.44405077]
 [ 10.89747253]
 [ 12.8257864 ]
 [ 10.82609226]
 [ 12.56909528]
 [ 12.62523939]
 [ 10.43445268]
 [  9.07888206]
 [ 11.01155453]
 [ 12.17143937]
 [  4.15426763]
 [  4.77044178]
 [  5.21646522]
 [  6.15129656]
 [  6.17396667]
 [  6.36353881]
 [  6.86287065]
 [  6.7784455 ]
 [  6.79505928]
 [  6.78260053]
 [  6.85716559]
 [  7.38805953]
 [  7.56021995]
 [  7.45688403]
 [  7.24231304]
 [  8.13145725]
 [  8.46789015]
 [  8.14468265]
 [  8.51400896]
 [  8.94250922]
 [  8.12278584]
 [  9.36519993]
 [  8.39466981]
 [  8.95583263]
 [  9.0562629 ]
 [  8.5903791 ]
 [  8.87948416]
 [  8.67251414]
 [  9.5168116 ]
 [  9.20315182]
 [  9.52520609]
 [  9.12696916]
 [  9.92756848]
 [ 10.17094496]
 [ 10.50869926]
 [ 10.33515108]
 [ 10.00508352]
 [  9.9452364 ]
 [ 10.54971499]
 [  8.66087754]
 [ 10.4733625 ]
 [  9.66129184]
 [ 11.72893746]
 [  9.04731868]
 [ 11.65897781]
 [ 11.2114    ]
 [ 10.9528425 ]
 [ 10.65656157]
 [ 10.35038797]
 [  9.90448152]
 [ 11.09165773]
 [ 10.58253803]
 [ 11.41463614]
 [ 11.10665517]
 [ 11.16509283]
 [ 12.61618642]
 [ 11.86875076]
 [ 11.12864222]
 [ 11.45439102]
 [ 11.37004502]
 [ 10.171254  ]
 [ 10.55294243]
 [ 11.73329261]
 [ 12.2506299 ]
 [  9.83846412]
 [ 12.12107357]
 [ 10.64171811]
 [ 10.26024437]
 [ 11.8228682 ]
 [ 12.11877728]
 [ 11.09350476]
 [ 11.36871678]
 [ 12.92596891]
 [ 10.8086181 ]
 [ 10.954601  ]
 [ 11.09396622]
 [ 13.0543541 ]
 [ 12.51823819]
 [ 10.13605103]
 [  3.40587126]
 [  6.97261061]
 [  7.25938111]
 [  8.44257177]
 [  8.37268637]
 [  8.228011  ]
 [  8.73279131]
 [  8.34363837]
 [  9.65329034]
 [  8.63109239]
 [ 10.2990903 ]
 [ 10.78402575]
 [ 12.67850707]
 [  9.228547  ]
 [ 11.8078354 ]
 [  9.19794789]
 [ 11.54002466]
 [  9.90972282]
 [ 11.3384098 ]
 [ 11.86277984]
 [ 11.10341298]
 [ 10.8971952 ]
 [ 11.16400791]
 [ 11.12670132]
 [ 11.42982281]
 [ 12.92161366]
 [ 13.26262825]
 [  9.88273151]
 [ 13.4451873 ]
 [  5.28790341]
 [  5.70852356]
 [  5.72102044]
 [  5.86781684]
 [  5.72547818]
 [  6.9398888 ]
 [  7.30069873]
 [  7.19114197]
 [  8.45860386]
 [  9.05059966]
 [  8.18127561]
 [  8.858426  ]
 [  9.64904146]
 [  8.56935133]
 [  9.24204957]
 [  9.28683757]
 [  8.8219266 ]
 [  9.0725285 ]
 [  9.8164192 ]
 [  9.78019979]
 [ 10.67860846]
 [  9.71379428]
 [  9.51558888]
 [  9.25748819]
 [  9.21820255]
 [ 10.76004778]
 [  9.65196009]
 [  9.77008441]
 [  9.57251614]
 [ 10.76442679]
 [  9.79078727]
 [ 10.19844437]
 [ 10.32288975]
 [ 10.77664367]
 [ 10.05811746]
 [ 10.71779986]
 [  9.35088371]
 [  9.53402129]
 [ 11.0928475 ]
 [ 11.02831415]
 [ 11.70242514]
 [ 11.12938746]
 [ 11.07787082]
 [  9.65018869]
 [ 11.17166408]
 [ 10.46294762]
 [ 11.51216978]
 [ 11.12272319]
 [ 11.90390781]
 [ 12.60792602]
 [ 10.49810893]
 [ 11.89724448]
 [ 10.63063206]
 [  9.46994403]
 [ 12.76617618]
 [ 11.40794609]
 [ 11.34710802]
 [ 10.767423  ]
 [ 11.36212185]
 [ 11.3680713 ]
 [ 12.69127574]
 [ 13.0080273 ]
 [ 12.2703988 ]
 [ 11.63443219]
 [ 11.54716422]
 [ 11.34066139]
 [ 12.13337134]
 [ 11.74648606]
 [ 13.04412897]
 [ 12.31354126]
 [ 12.44700163]
 [ 12.32717554]
 [ 12.96496221]
 [ 11.13603707]
 [ 12.05861586]
 [ 12.6068663 ]
 [ 12.6360302 ]
 [ 11.61923122]
 [  9.3292604 ]
 [ 12.95455119]
 [ 11.2702635 ]
 [ 13.23408185]
 [ 13.31201892]
 [ 13.53656398]
 [  6.92681503]
 [ 11.29546925]
 [ 12.20947156]
 [  4.20294317]
 [  6.80928448]
 [  6.58292647]
 [  6.54768569]
 [  6.75075757]
 [  8.01654414]
 [  8.02252642]
 [  9.35529027]
 [  9.00656488]
 [  8.56741872]
 [  9.95255931]
 [  9.28063527]
 [  9.53180249]
 [  8.59691265]
 [  7.9089533 ]
 [ 10.05274987]
 [  7.46452504]
 [  9.92149932]
 [ 11.98140629]
 [ 10.91327027]
 [ 10.98490023]
 [ 10.18776232]
 [ 12.30679647]
 [ 10.31380714]
 [ 10.0375563 ]
 [ 12.66927582]
 [ 11.70541119]
 [ 13.88880164]
 [  5.38408903]
 [  5.53903557]
 [  7.11639495]
 [  7.66716843]
 [  7.69600038]
 [  8.80421649]
 [  9.18469699]
 [  8.21265787]
 [  9.09119778]
 [  9.05122082]
 [  9.11601197]
 [  9.71755703]
 [  9.95893175]
 [  9.51907359]
 [ 10.47745332]
 [ 11.08140762]
 [ 10.44313161]
 [  9.9502181 ]
 [ 10.07114582]
 [ 10.60120446]
 [ 10.3252212 ]
 [ 11.41328107]
 [ 11.20791505]
 [ 11.64816735]
 [ 11.60430617]
 [ 10.26839853]
 [ 10.84775386]
 [ 11.07111647]
 [  9.28391178]
 [ 12.28463111]
 [ 10.78794227]
 [ 11.52924332]
 [ 10.54008469]
 [ 11.08706941]
 [ 10.1389134 ]
 [ 10.87835386]
 [ 11.73080245]
 [ 10.13172101]
 [ 12.04243828]
 [ 10.99873748]
 [ 10.96974651]
 [ 11.79029928]
 [ 10.94731286]
 [ 13.19499769]
 [ 11.93281529]
 [ 12.16212892]
 [ 12.85452383]
 [ 12.40086287]
 [ 12.93751856]
 [ 13.0115807 ]
 [ 11.92670047]
 [ 13.6489674 ]
 [ 13.01487113]
 [ 15.02863809]
 [ 14.3306934 ]
 [ 13.76701949]
 [ 14.98095721]
 [  3.95314037]
 [  6.0225029 ]
 [  5.85245261]
 [  6.75740739]
 [  7.55383831]
 [  7.76084197]
 [  7.47761272]
 [  9.37361971]
 [  9.99527452]
 [ 10.08961526]
 [  9.84426754]
 [ 12.19981555]
 [  6.77925696]
 [  8.53853945]
 [  8.25228632]
 [  8.11481578]
 [  8.5426952 ]
 [  9.97704469]
 [  9.66682159]
 [ 11.19121461]
 [ 11.82227664]
 [ 12.20997159]
 [ 10.58111335]
 [ 10.45719476]
 [ 12.81266027]
 [ 13.55757211]
 [ 15.2990118 ]
 [ 10.58678536]
 [ 14.50665159]
 [ 10.5840498 ]
 [ 12.07963696]
 [  9.74745184]
 [ 10.23404005]
 [  6.75181871]
 [  9.05645821]
 [  8.03661648]
 [  3.07375275]
 [  6.49622036]
 [  9.04419017]
 [  9.80326518]
 [ 10.17080473]
 [ 12.30794235]
 [ 10.64030248]
 [ 12.77422567]
 [  9.05982595]
 [  7.08275864]
 [  8.58574426]
 [ 13.69983836]
 [  7.25447036]
 [  7.62004685]
 [ 12.5650827 ]
 [ 11.53878306]
 [ 10.22683903]
 [ 11.13200218]
 [  8.1702192 ]
 [  6.60915699]
 [ 15.43352939]
 [ 13.0927281 ]
 [ 10.68641163]
 [ 11.32440696]
 [ 15.25372123]
 [  9.131457  ]
 [ 14.07279303]
 [  6.18029461]
 [ 11.44765898]
 [ 10.52586612]
 [  9.9318217 ]
 [  9.06529918]
 [ 10.20181705]
 [ 11.33440761]
 [  8.62662354]
 [ 10.54531707]
 [  6.4847859 ]
 [ 11.03139528]
 [  5.97109004]
 [ 13.07554049]
 [ 13.27098675]
 [  9.12989158]
 [ 10.527324  ]
 [  7.44119547]
 [ 10.78333701]
 [ 14.40600975]
 [ 10.67490078]
 [  5.5287706 ]
 [  8.06975951]
 [  9.22505183]
 [ 10.09176987]
 [  9.78881131]
 [ 13.78441028]
 [  9.77499821]
 [ 12.95561389]
 [ 11.66296215]
 [  9.49721183]
 [  9.84197067]
 [ 12.9519107 ]
 [ 15.51740753]
 [ 12.22103379]
 [ 11.63326397]
 [  2.81461325]
 [  8.38376446]
 [  9.88041698]
 [  3.03727787]
 [ 13.5013254 ]
 [ 13.34628904]
 [  7.27418569]
 [  4.73889973]
 [  9.51603418]
 [  9.67257269]
 [  8.82755566]
 [  9.42282878]
 [  7.2351792 ]
 [ 10.18783083]
 [ 10.24316704]
 [ 11.44761277]
 [ 10.38552811]
 [ 10.66177701]
 [ 12.3180189 ]
 [ 12.81396461]
 [ 11.60629709]
 [  6.01730787]
 [  7.40489176]
 [ 11.34061347]
 [  7.51528964]
 [ 10.62633406]
 [  9.10478387]
 [ 11.1680656 ]
 [  9.7012829 ]
 [ 15.7654491 ]
 [ 13.68496359]
 [ 13.68648754]
 [ 12.17740798]
 [ 10.38966547]
 [  4.67987247]
 [  4.8189677 ]
 [ 11.18085026]
 [ 10.61104457]
 [ 11.97452784]
 [  6.95677428]
 [ 11.10916927]
 [  9.61369184]
 [ 12.06249301]
 [ 10.01312281]
 [ 13.04768357]
 [ 12.77594768]
 [  4.6890219 ]
 [ 11.42507968]
 [ 10.11168809]
 [ 10.8018704 ]
 [ 11.78545502]
 [ 12.02627658]
 [ 10.75601169]
 [  5.96093937]
 [  9.09128855]
 [  8.17703339]
 [  9.3063349 ]
 [ 10.33445633]
 [  9.68312507]
 [ 12.2666325 ]
 [ 12.34353154]
 [ 12.22129547]
 [  8.93366771]
 [ 11.3332713 ]
 [  5.13537526]
 [  5.07178923]
 [  5.64332902]
 [  5.66797716]
 [  6.03551997]
 [  7.26084993]
 [  6.73359688]
 [  7.43602724]
 [  7.48062549]
 [  7.40278955]
 [  7.64638743]
 [  7.54110314]
 [  8.69861147]
 [  8.72168161]
 [  8.92358539]
 [  9.37824334]
 [  8.78437943]
 [  8.2853525 ]
 [ 10.47379932]
 [ 11.1605534 ]
 [ 10.89358531]
 [  9.82990164]
 [ 11.52703572]
 [ 11.54716759]
 [ 14.28839919]
 [ 11.50263749]
 [ 12.79108942]
 [ 12.55508982]
 [ 12.11073433]
 [ 14.63152708]
 [ 13.69010328]
 [  3.64653676]
 [  4.52501578]
 [  8.52676722]
 [  6.83679948]
 [  6.75366826]
 [  7.26763608]
 [  7.95378001]
 [  7.30109718]
 [  9.05271968]
 [  9.03172492]
 [  9.70545313]
 [  9.92159167]
 [ 10.50369888]
 [  9.7597915 ]
 [  9.97571878]
 [  9.52489426]
 [  8.80410805]
 [ 10.54940997]
 [ 10.402774  ]
 [ 11.28356821]
 [ 11.10607371]
 [  8.4091984 ]
 [ 11.2932563 ]
 [  9.36029514]
 [ 10.31216711]
 [ 10.09514524]
 [ 12.00985878]
 [ 13.44009749]
 [ 11.9796631 ]
 [  5.36265797]
 [  6.37215186]
 [  6.37383025]
 [  7.10278775]
 [  6.87948738]
 [  8.18538554]
 [  8.50224552]
 [  8.04575928]
 [  7.26861133]
 [  8.3901833 ]
 [  9.93865376]
 [  9.11126333]
 [ 10.38943884]
 [  9.61759189]
 [  9.95101791]
 [ 10.82558375]
 [ 10.54279329]
 [ 10.3758804 ]
 [  9.6287446 ]
 [  9.79903128]
 [ 10.99737257]
 [ 10.67697259]
 [ 11.01975458]
 [ 12.13596219]
 [ 11.06470307]
 [ 10.60071167]
 [ 12.1157599 ]
 [ 11.24524689]
 [ 11.82639383]
 [ 11.30329037]
 [ 12.03894468]
 [ 11.96873657]
 [ 11.97947138]
 [ 13.2258706 ]
 [ 12.39283301]
 [ 11.83645882]
 [  8.72373726]
 [  9.42318401]
 [ 11.81898041]
 [ 10.33121833]
 [ 11.93333868]
 [ 10.03986173]
 [  7.12385884]
 [  7.43994918]
 [  7.79672112]
 [  8.06692474]
 [  8.5375372 ]
 [  8.54880049]
 [  9.41020044]
 [  9.35129546]
 [ 10.28620423]
 [  9.704197  ]
 [  9.96826036]
 [ 11.40371253]
 [ 10.0097711 ]
 [  9.41989748]
 [  9.32236824]
 [ 10.0954395 ]
 [ 10.56926753]
 [  9.73231765]
 [  9.98100595]
 [ 10.74392937]
 [  9.496864  ]
 [ 11.01521172]
 [ 10.57382858]
 [ 11.43561315]
 [  9.61463185]
 [ 11.31711735]
 [ 10.89525542]
 [ 10.47362934]
 [ 12.12543511]
 [ 10.93991309]
 [ 12.33144934]
 [ 11.05185344]
 [ 11.54439756]
 [ 11.5032902 ]
 [ 10.81906611]
 [ 10.74692777]
 [ 13.26770323]
 [ 13.02433158]
 [ 11.80893533]
 [ 11.44364399]
 [ 12.6722113 ]
 [ 13.14584251]
 [  7.50060451]
 [  8.39744175]
 [  8.77369657]
 [  9.57782208]
 [  9.02801756]
 [  9.37601727]
 [  9.22166026]
 [  8.62282111]
 [  9.64499694]
 [  9.14543557]
 [ 10.91149395]
 [ 12.42599607]
 [  5.67332076]
 [  7.07831068]
 [  8.90030906]
 [  9.34519647]
 [  9.58558634]
 [  9.99853572]
 [  9.80763446]
 [ 10.77465696]
 [ 10.3610084 ]
 [ 10.2178338 ]
 [ 10.95067031]
 [ 11.30399617]
 [ 10.73594906]
 [ 12.39583929]
 [ 10.73305959]
 [ 11.1827444 ]
 [ 12.42753596]
 [ 11.2279093 ]
 [ 11.85108845]
 [ 11.42675035]
 [ 11.98325301]
 [ 14.34847714]
 [ 12.78952503]
 [ 11.84866237]
 [ 11.75555086]
 [ 12.81312025]
 [ 16.3070725 ]
 [ 12.11029563]
 [ 12.65618414]
 [ 12.77230942]
 [  5.29613505]
 [  6.26951364]
 [  6.31308422]
 [  6.99280108]
 [  7.8708361 ]
 [  7.30867023]
 [  8.69661199]
 [  8.93918501]
 [  8.90484647]
 [  9.03227712]
 [ 10.89537135]
 [ 11.29243801]
 [ 11.05505632]
 [  6.97304809]
 [  6.87990474]
 [  7.39650318]
 [  7.38124073]
 [  9.01321088]
 [  8.99957047]
 [  9.51766501]
 [  8.88891425]
 [ 10.95990276]
 [ 10.08972752]
 [ 10.90041959]
 [ 10.32541677]
 [ 10.98869185]]
Deviation: [[ 4.84503594]]
