The name of the script is kernelRidgeRegression.py
In read function file: ../dataSets/abalone/rings/Prototask.data/data
4177 4177
Div size is: 835
3340 8
Matrix dim:  (3340, 8)
(3340, 8) (8, 835)
(3340, 8) (8, 3340)
[[  8.28315774]
 [  6.45574868]
 [ 10.40661127]
 [  8.50394978]
 [  6.05550068]
 [  7.78845353]
 [ 12.31785581]
 [ 10.78561215]
 [  8.95716266]
 [ 11.9811283 ]
 [ 10.60507568]
 [  8.3683839 ]
 [  9.74132938]
 [  9.99967811]
 [  9.48495649]
 [ 10.15181161]
 [  7.4049416 ]
 [  8.11326447]
 [  7.24636168]
 [  7.92529497]
 [  6.78188443]
 [  7.34459802]
 [  9.93047879]
 [  9.55362316]
 [ 10.3872206 ]
 [ 10.76993149]
 [ 10.91565365]
 [ 11.02159085]
 [ 11.50749574]
 [  9.19406187]
 [ 11.53261655]
 [ 13.98975376]
 [ 11.54131868]
 [ 11.00140461]
 [ 13.86253433]
 [  7.83375313]
 [  9.7851214 ]
 [  7.95983223]
 [ 10.27839531]
 [  6.62074515]
 [  7.96235558]
 [ 10.13368015]
 [  4.1836524 ]
 [  3.65564825]
 [  3.81594119]
 [  7.30150345]
 [  7.15487731]
 [  9.02357443]
 [  5.83496413]
 [  9.8047707 ]
 [  9.99828308]
 [  7.52560996]
 [  8.60152426]
 [  8.63244785]
 [  7.22683881]
 [  9.80607463]
 [  8.32836551]
 [  8.61999422]
 [  4.51943065]
 [  9.39479794]
 [  8.13743506]
 [  8.46906758]
 [  9.31271275]
 [  7.49237684]
 [  9.73705579]
 [  8.20216463]
 [ 11.49528307]
 [ 14.52437881]
 [  9.24330291]
 [  5.64268385]
 [ 11.36901202]
 [  7.53850443]
 [ 12.59741347]
 [ 11.61726949]
 [ 10.64754261]
 [ 10.65652699]
 [ 11.89232546]
 [ 11.76862795]
 [ 11.44452639]
 [ 11.52595157]
 [ 10.45625534]
 [ 16.84278328]
 [ 10.49191002]
 [ 15.20911921]
 [ 11.83247223]
 [ 14.67813764]
 [ 12.17547363]
 [ 10.91143848]
 [  8.69372113]
 [ 12.37187468]
 [ 10.43917876]
 [ 10.97952331]
 [ 12.59715364]
 [ 11.81290129]
 [ 13.86121126]
 [ 13.71124577]
 [ 11.13488696]
 [  8.77892076]
 [  9.09818513]
 [  8.50945681]
 [  6.61555164]
 [ 10.63105065]
 [ 11.81985401]
 [  9.64216324]
 [ 11.16537842]
 [ 10.10697132]
 [ 11.31859125]
 [  9.90111866]
 [  9.80623903]
 [  8.87224001]
 [  8.9808247 ]
 [  9.01712567]
 [  7.68418743]
 [  9.13551846]
 [  9.85008407]
 [  9.7730486 ]
 [  9.7055597 ]
 [  9.03300316]
 [ 11.27720615]
 [  7.30917006]
 [  8.88580086]
 [  7.17402045]
 [ 10.28633155]
 [  6.59067327]
 [  6.63751803]
 [  4.93484534]
 [  6.6987032 ]
 [  6.92499362]
 [ 14.80240102]
 [ 16.32747133]
 [ 12.11297851]
 [  8.5420192 ]
 [  6.22884891]
 [  6.52716818]
 [  4.91272529]
 [  8.25635323]
 [  5.65957744]
 [  6.34325031]
 [  7.86995594]
 [  7.23975095]
 [ 10.54959176]
 [ 11.19811008]
 [ 13.27483763]
 [ 10.52271285]
 [  9.22609994]
 [  9.0751994 ]
 [  8.45841799]
 [  5.21299463]
 [  3.40910674]
 [  3.6426686 ]
 [ 10.88771731]
 [ 11.61274035]
 [ 13.41141286]
 [ 12.71520866]
 [ 11.37416431]
 [  9.44600517]
 [ 11.72118667]
 [ 15.52245224]
 [ 11.10001402]
 [ 14.67391066]
 [ 11.65156523]
 [ 10.32781027]
 [ 10.77926105]
 [ 20.72237066]
 [ 18.53033452]
 [ 13.29856411]
 [ 17.07626888]
 [ 16.01850843]
 [ 15.84136218]
 [ 15.63748029]
 [ 13.96576904]
 [ 10.22781443]
 [  9.21721855]
 [  9.35840063]
 [  4.03814839]
 [  6.92858882]
 [  5.24845939]
 [  6.02459942]
 [  3.9044267 ]
 [ 11.78878281]
 [ 11.25952753]
 [ 14.51547583]
 [ 10.29327671]
 [ 11.68019988]
 [ 12.49037276]
 [ 11.02144665]
 [ 11.23945867]
 [ 11.94925458]
 [ 10.34697494]
 [ 11.12014779]
 [ 11.60922508]
 [ 12.04270557]
 [ 13.22660107]
 [  7.31677839]
 [  7.34956708]
 [  9.55749723]
 [  9.65024381]
 [ 14.26294573]
 [  9.99643996]
 [ 11.53351496]
 [  8.60346401]
 [ 11.17376328]
 [ 10.30427538]
 [ 11.36544731]
 [  7.90273882]
 [  8.77917108]
 [  8.03263933]
 [  8.3142252 ]
 [ 11.78514731]
 [  6.75711205]
 [ 10.21638971]
 [  6.27757306]
 [  7.84209599]
 [  9.97281723]
 [ 10.34168654]
 [ 11.50622811]
 [  8.69750342]
 [  7.8522427 ]
 [  9.559575  ]
 [  7.92801122]
 [  8.34744051]
 [  9.43830231]
 [  9.64440784]
 [  8.98094178]
 [  8.43461823]
 [  9.62769018]
 [  7.39872969]
 [  6.82341442]
 [ 12.16346886]
 [ 10.74018639]
 [ 10.90004405]
 [ 12.23938638]
 [ 13.86929798]
 [  5.19952005]
 [  8.51497796]
 [  5.59248416]
 [  1.31700381]
 [  2.43096852]
 [  2.15065511]
 [  2.93597911]
 [ 10.96667911]
 [  5.1429847 ]
 [  4.39552292]
 [  5.80252566]
 [  6.35638254]
 [  6.5558179 ]
 [  6.03634262]
 [  6.87638368]
 [  5.6956932 ]
 [  6.79057732]
 [  6.50667265]
 [ 11.96118567]
 [  9.92525777]
 [ 11.50439805]
 [ 11.55839889]
 [ 12.04049015]
 [ 12.98448252]
 [ 11.9778968 ]
 [ 11.20059009]
 [ 10.47974305]
 [ 10.42670273]
 [ 10.49285652]
 [ 10.4402359 ]
 [  4.51014312]
 [  5.16336672]
 [  8.02192444]
 [ 10.09771113]
 [  6.77841818]
 [ 10.78922394]
 [  8.88887717]
 [ 17.26218177]
 [ 12.93222767]
 [ 13.88558503]
 [ 13.30371496]
 [ 14.19872204]
 [ 13.8473316 ]
 [ 14.57691838]
 [ 16.32716781]
 [ 13.25956549]
 [ 10.5669534 ]
 [ 11.48467627]
 [  7.03834188]
 [  8.80137465]
 [ 10.21110977]
 [ 11.31711262]
 [ 11.40012875]
 [ 10.20520842]
 [ 10.1417495 ]
 [  9.95212388]
 [ 10.58947664]
 [ 11.15409881]
 [ 11.75351912]
 [ 11.87313374]
 [ 12.5320545 ]
 [ 13.33329053]
 [  5.54955582]
 [  5.14561322]
 [  5.34123993]
 [  9.31499925]
 [  7.06378092]
 [  7.29281633]
 [ 11.94885787]
 [  6.85491486]
 [  6.81350983]
 [  9.04543035]
 [  3.79276116]
 [  2.94713391]
 [ 15.56886589]
 [ 10.58457221]
 [ 10.11015445]
 [ 12.60743325]
 [  9.66899678]
 [ 11.93008681]
 [ 14.18636219]
 [ 13.85051847]
 [  8.59514994]
 [ 11.85665685]
 [  8.3460057 ]
 [ 12.27993274]
 [  6.51264379]
 [  4.9238107 ]
 [  3.5188114 ]
 [  7.54521358]
 [  4.98865907]
 [  6.51123521]
 [  6.80356678]
 [  6.32453543]
 [  9.46368859]
 [  7.39849967]
 [  7.08172841]
 [  9.99338114]
 [  7.82551888]
 [  5.49348141]
 [  4.11494533]
 [ 18.26899583]
 [ 10.84508739]
 [ 12.04885565]
 [ 12.40418625]
 [ 10.06112422]
 [ 10.8586377 ]
 [  9.05865433]
 [ 14.23563897]
 [ 10.1385002 ]
 [  9.63408579]
 [  9.82173371]
 [  8.84898548]
 [ 11.07775265]
 [  6.21244747]
 [  7.60279956]
 [  9.80548924]
 [  9.78568362]
 [ 11.68701702]
 [  9.61661233]
 [  9.8277496 ]
 [ 11.87385995]
 [ 14.71211109]
 [ 11.42418943]
 [ 11.63461995]
 [ 15.47939521]
 [ 12.1291852 ]
 [ 11.74572493]
 [ 11.5471263 ]
 [ 12.26419157]
 [ 11.10427455]
 [ 11.42144143]
 [ 12.27745359]
 [ 10.04800701]
 [  9.32400789]
 [ 11.63310838]
 [ 13.80922909]
 [ 11.61815809]
 [ 13.49503058]
 [ 15.64541767]
 [ 13.75577944]
 [ 13.68213007]
 [ 14.19897317]
 [ 10.77729155]
 [  9.19036017]
 [ 12.21014546]
 [ 12.57363273]
 [ 13.04511092]
 [ 10.07833331]
 [  8.87168854]
 [  9.19267373]
 [  9.48401182]
 [  8.16324295]
 [  9.59385555]
 [  8.75169046]
 [  9.96063307]
 [  8.34922092]
 [  7.6149492 ]
 [  8.6274716 ]
 [  8.66528731]
 [  6.95794863]
 [  6.73790755]
 [  7.74822977]
 [  9.33500675]
 [  9.1807659 ]
 [ 11.24872799]
 [ 10.71150833]
 [  8.53489176]
 [ 10.31161432]
 [  8.25786324]
 [  9.40180316]
 [  8.13004685]
 [  9.72050163]
 [  8.32792189]
 [ 11.03490164]
 [ 10.05361947]
 [  9.82883251]
 [ 11.54284241]
 [ 10.48878044]
 [  9.61834836]
 [ 10.16435269]
 [ 11.70125594]
 [ 12.70822665]
 [ 11.83391428]
 [ 13.04633023]
 [ 13.1435217 ]
 [ 10.88804784]
 [ 14.32495978]
 [  8.97823502]
 [  9.50193554]
 [  5.53699742]
 [  4.94852999]
 [ 11.44694995]
 [ 12.34274908]
 [ 12.3466295 ]
 [ 12.42581663]
 [ 12.74283045]
 [ 11.49740022]
 [ 11.41963061]
 [ 12.06931642]
 [ 11.52242015]
 [  8.61195092]
 [  9.86418132]
 [  7.09016296]
 [  7.56502692]
 [  6.92042902]
 [ 10.88112546]
 [  7.0372739 ]
 [  6.45203241]
 [ 11.28392529]
 [  7.20085567]
 [  7.7398864 ]
 [ 11.9654356 ]
 [ 13.30671685]
 [ 12.62753224]
 [ 11.86835971]
 [ 10.63171548]
 [ 14.6508223 ]
 [ 12.31907023]
 [ 12.18771149]
 [ 10.43317535]
 [ 11.3284495 ]
 [ 10.79170291]
 [ 12.57998893]
 [  7.24649257]
 [  7.86221797]
 [ 10.06145529]
 [  6.93878656]
 [ 11.15705529]
 [  4.65542563]
 [  4.13387194]
 [  4.89295059]
 [  3.29945096]
 [ 13.17177941]
 [ 12.81788757]
 [ 16.26159869]
 [ 14.35171551]
 [ 10.12788325]
 [  9.10137532]
 [  8.21980251]
 [  9.45305272]
 [ 11.51452559]
 [ 11.44064628]
 [  8.91461954]
 [ 13.81777869]
 [ 16.13745112]
 [ 13.61785845]
 [ 13.7755316 ]
 [ 10.69144431]
 [ 10.17598659]
 [ 10.33484677]
 [ 11.37077394]
 [ 11.46925508]
 [ 10.29058762]
 [ 11.32072787]
 [  9.76529322]
 [ 10.62878172]
 [ 10.39276072]
 [ 11.32054649]
 [ 12.26538795]
 [ 13.36147273]
 [ 11.85576201]
 [ 12.48087456]
 [ 14.56083811]
 [ 11.30364347]
 [ 12.16948665]
 [ 11.61916174]
 [ 10.87087972]
 [ 14.32566888]
 [ 13.62291739]
 [ 12.37039445]
 [ 13.35779272]
 [ 10.79675115]
 [ 12.34952539]
 [ 12.85389034]
 [ 10.66420151]
 [ 11.50321232]
 [ 13.12774505]
 [  8.33160086]
 [  9.60396239]
 [  5.67515909]
 [  5.03044609]
 [  5.10483282]
 [  7.43842026]
 [  5.27629392]
 [  5.98745276]
 [  6.28295373]
 [  3.80123502]
 [  6.57572321]
 [  6.86793266]
 [  3.66374199]
 [  4.17823233]
 [  3.14259184]
 [  2.84072843]
 [ 11.2016242 ]
 [ 10.33299462]
 [  7.43792774]
 [ 10.43842757]
 [  8.56874827]
 [  9.10135375]
 [  7.89151532]
 [  8.84968986]
 [  9.2422469 ]
 [ 10.28958822]
 [  5.62043238]
 [  5.21581906]
 [  7.48884075]
 [  9.37728908]
 [  8.61339974]
 [  8.49883406]
 [  8.43141591]
 [  7.36747907]
 [  6.00102063]
 [  4.81717555]
 [  3.81501268]
 [ 10.3741292 ]
 [ 10.41212786]
 [ 12.07681322]
 [ 12.06276721]
 [ 10.74270351]
 [  8.90558535]
 [  7.98913666]
 [  9.05872092]
 [ 10.18206301]
 [ 12.51731057]
 [ 13.4093456 ]
 [ 10.32414902]
 [  8.2770438 ]
 [  9.08141483]
 [  9.12036051]
 [ 10.51030062]
 [  9.31069828]
 [  6.32594056]
 [  8.78782949]
 [  7.85736398]
 [  5.33225993]
 [  7.45539501]
 [  8.28884426]
 [  8.28377989]
 [ 12.75147428]
 [ 10.99739567]
 [ 11.71906502]
 [ 10.57191911]
 [  9.9135363 ]
 [ 10.53404751]
 [ 10.37087461]
 [ 13.60445754]
 [ 11.2430191 ]
 [  9.80193514]
 [ 11.4381593 ]
 [  8.16478253]
 [  7.29911432]
 [  9.06598393]
 [ 10.01260091]
 [ 10.57821028]
 [  9.16282752]
 [  7.6453383 ]
 [ 10.11504451]
 [  7.02996057]
 [  9.58049016]
 [ 13.6958995 ]
 [ 10.87989451]
 [ 12.25578182]
 [ 10.75829474]
 [ 12.24338814]
 [ 12.78032777]
 [ 12.71230766]
 [  9.64892253]
 [  7.37677376]
 [  7.38146125]
 [  8.78373565]
 [ 10.63100968]
 [  8.78699208]
 [  6.53677687]
 [  9.11248782]
 [  7.35994212]
 [  6.8636769 ]
 [  9.36483355]
 [  3.68110084]
 [  6.27858987]
 [  9.76107222]
 [  8.97869842]
 [  9.05967823]
 [  9.47637201]
 [  5.95561405]
 [  5.78517904]
 [  4.36124259]
 [  6.43446547]
 [ 10.12239134]
 [  8.98711332]
 [  9.69203996]
 [  8.32978264]
 [ 10.56499866]
 [  8.39455428]
 [  7.17536549]
 [ 10.0309741 ]
 [  6.41951646]
 [  8.29548023]
 [  8.4474407 ]
 [  9.00924201]
 [  9.221061  ]
 [  7.32823249]
 [  6.93773371]
 [  6.70041324]
 [  6.39014441]
 [  8.52291254]
 [  9.97582184]
 [  5.88629191]
 [ 12.33807785]
 [ 11.8914032 ]
 [  6.34867939]
 [  8.34202716]
 [  8.55988022]
 [  5.80157789]
 [ 10.28688463]
 [  8.79074505]
 [  9.22734336]
 [  4.65593347]
 [  6.41270273]
 [  8.94707189]
 [  5.8459832 ]
 [  7.11344595]
 [  5.47247186]
 [ 11.41176629]
 [ 13.33975461]
 [ 12.06760113]
 [ 11.83912535]
 [ 13.86572065]
 [ 11.4897075 ]
 [  8.26889699]
 [  7.50131585]
 [  9.79319681]
 [  7.56311352]
 [  8.68607804]
 [  9.75263732]
 [ 12.09107367]
 [  9.44567604]
 [  9.95159902]
 [ 10.02225441]
 [ 11.49416343]
 [  9.62210977]
 [ 10.80756189]
 [ 12.2391094 ]
 [ 10.88297324]
 [  9.97500504]
 [ 10.42272045]
 [  7.14080182]
 [  7.01684703]
 [  9.54512785]
 [  8.16101006]
 [ 11.13990951]
 [  9.74007687]
 [ 10.98190533]
 [  9.42944791]
 [ 12.4941572 ]
 [  9.87496384]
 [ 11.12010279]
 [  9.51854665]
 [  4.82029814]
 [  8.01127413]
 [  7.26036096]
 [  2.78455534]
 [  5.97035429]
 [  2.9189877 ]
 [  5.25842727]
 [  8.50900895]
 [  7.93177798]
 [  7.11429393]
 [  9.61004943]
 [  8.07760779]
 [  7.77923956]
 [  7.2764014 ]
 [  8.4759093 ]
 [  6.57636748]
 [  6.68811193]
 [  7.75476091]
 [  5.70760343]
 [  6.36142308]
 [  7.24443974]
 [  5.02121834]
 [  6.75316184]
 [  6.4073254 ]
 [  4.95124864]
 [  5.37962963]
 [  4.6240118 ]
 [  3.19938019]
 [  2.59705497]
 [  2.75707719]
 [ 11.1111768 ]
 [ 12.19543736]
 [  9.89326393]
 [  8.4677094 ]
 [  9.94388527]
 [  7.57631982]
 [  8.77334273]
 [ 10.36211774]
 [  9.04652081]
 [ 11.35969428]
 [  9.72473874]
 [ 10.30841545]
 [  9.96482322]
 [ 11.2307474 ]
 [  9.1140785 ]
 [  9.81425608]
 [  9.96648724]
 [ 11.70108458]
 [  8.47705498]
 [ 10.83683144]
 [  6.63360729]
 [ 10.30724654]
 [ 10.70547674]
 [ 10.94216574]
 [ 10.54656294]
 [ 11.66631196]
 [  9.24345588]
 [ 10.74077048]
 [ 12.27048879]
 [ 10.1925522 ]
 [  8.5284831 ]
 [ 12.3898803 ]
 [ 11.45435051]
 [ 14.4620401 ]
 [  9.89050737]
 [ 13.62425072]
 [ 13.60144104]
 [  9.90603468]
 [ 11.8590325 ]
 [ 11.5870449 ]
 [ 12.21078514]
 [ 12.46418896]
 [ 12.66123248]
 [ 11.74666241]
 [ 11.62529941]
 [ 11.77832277]
 [  6.82665617]
 [ 10.56181247]
 [ 10.65205994]
 [ 11.37384676]
 [  9.50007115]
 [  7.25392096]
 [  8.37958444]
 [  9.8275139 ]
 [ 12.52690074]
 [  9.91346962]
 [  9.76920891]
 [  9.30997637]
 [  9.86323253]
 [ 10.89128611]
 [  9.97395706]
 [ 10.85748437]
 [  7.49634836]
 [  3.96797451]
 [ 11.61988046]
 [ 10.18970225]
 [ 11.04030825]
 [  9.30651291]
 [ 11.75065928]
 [ 11.29516412]
 [  9.63722284]
 [  9.62913059]
 [ 11.32525096]
 [ 12.90193556]
 [ 10.96336684]
 [ 10.19599909]
 [  8.22373878]
 [ 11.47623779]
 [  8.53883309]
 [  9.45517678]
 [  8.67756415]
 [  8.79936489]
 [  6.8625778 ]
 [  8.4865638 ]
 [  7.64293979]
 [  5.11305106]
 [ 10.65974283]
 [  8.56630387]
 [ 10.1862183 ]
 [ 11.26395403]
 [ 10.81467177]
 [  4.32145682]
 [  4.60026945]
 [  5.9587375 ]
 [  5.98779708]
 [  6.21537618]
 [  6.63280181]
 [  6.29319798]
 [  6.68141685]
 [  7.09587459]
 [  7.14803054]
 [  6.56232327]
 [  6.87800065]
 [  7.25528889]
 [  6.93869075]
 [  6.95869829]
 [  7.49531561]
 [  7.078012  ]
 [  7.51794529]
 [  7.3419004 ]
 [  8.39188168]
 [  8.06847055]
 [  6.89717879]
 [  7.38866575]]
Deviation: [[ 3.48847413]]
Div size is: 835
3340 8
Matrix dim:  (3340, 8)
(3340, 8) (8, 835)
(3340, 8) (8, 3340)
[[  8.42385483]
 [  9.31660785]
 [  9.52849817]
 [  9.13094953]
 [  9.21662261]
 [  9.11729751]
 [  9.83868853]
 [  9.69512241]
 [ 10.63207246]
 [ 10.08319809]
 [  7.72004677]
 [  9.85411756]
 [  9.64930056]
 [ 10.59738882]
 [ 11.52112849]
 [ 11.53070172]
 [  9.07581191]
 [ 10.223239  ]
 [ 11.49076523]
 [ 10.16955764]
 [ 10.70925147]
 [ 11.68910735]
 [ 11.77031104]
 [ 11.22493827]
 [ 10.90712915]
 [  9.99035304]
 [ 10.25472043]
 [ 11.89025629]
 [  9.22852113]
 [ 10.58038108]
 [ 11.6780963 ]
 [ 12.09386106]
 [ 11.39316682]
 [ 10.70330449]
 [ 11.25367342]
 [ 13.04793758]
 [ 10.97992088]
 [ 10.17182916]
 [ 14.17020663]
 [ 12.15256276]
 [ 14.24131664]
 [ 11.37791572]
 [  9.43206066]
 [  8.95496467]
 [  8.61488635]
 [ 11.40644789]
 [ 12.87729491]
 [ 12.29459891]
 [ 13.87608742]
 [ 10.73449545]
 [ 13.83305747]
 [ 11.51636961]
 [ 12.3401128 ]
 [ 10.67174582]
 [ 10.03304606]
 [ 11.34315867]
 [ 16.58620521]
 [  3.9300147 ]
 [  4.76044464]
 [  4.69119989]
 [  5.01002781]
 [  4.86290375]
 [  5.18343729]
 [  4.65310447]
 [  5.87313603]
 [  6.2819336 ]
 [  6.1897832 ]
 [  5.80206604]
 [  6.23693559]
 [  6.23932228]
 [  6.4160729 ]
 [  6.18114951]
 [  6.8344108 ]
 [  6.64477875]
 [  6.15022274]
 [  6.65162719]
 [  6.25440531]
 [  6.80312723]
 [  7.41028992]
 [  6.65757363]
 [  7.35962368]
 [  6.93101151]
 [  7.67706611]
 [  7.72362359]
 [  7.54495596]
 [  7.70163305]
 [  8.03336021]
 [  7.85170263]
 [  8.25589243]
 [  8.15707218]
 [  8.29417023]
 [  7.29361326]
 [  8.53764991]
 [  8.47403471]
 [  8.71285454]
 [  8.49610796]
 [  8.21683173]
 [  9.19653376]
 [  9.22018345]
 [  8.78678951]
 [  8.0240925 ]
 [  7.28099966]
 [  8.93598708]
 [  8.67600353]
 [  8.1563226 ]
 [  8.75319938]
 [  8.45026177]
 [  8.57593408]
 [  9.18751421]
 [  8.44687108]
 [  7.53497358]
 [  8.49764166]
 [  9.57452201]
 [  7.57531783]
 [  8.82973535]
 [  9.20914192]
 [  9.02905406]
 [  8.11082255]
 [  9.58501868]
 [  8.83634633]
 [  9.118062  ]
 [  9.48979756]
 [  8.94285383]
 [  8.76307267]
 [  8.83559933]
 [  9.08056542]
 [  9.21389091]
 [  8.42413214]
 [  9.6414264 ]
 [  9.75146547]
 [  8.54427914]
 [  9.74910248]
 [  8.96298403]
 [  9.43150064]
 [  8.96479572]
 [  9.91094497]
 [  8.67701783]
 [  9.24211691]
 [  9.53458615]
 [ 10.04114565]
 [ 10.50719702]
 [ 10.29237158]
 [  8.93284028]
 [ 11.18832588]
 [ 10.05356892]
 [  8.18099362]
 [ 10.75165192]
 [ 10.34939187]
 [ 10.06982904]
 [  9.5350652 ]
 [ 11.25952753]
 [  9.14102508]
 [  8.98067928]
 [ 10.74024932]
 [ 10.52780474]
 [  9.4468751 ]
 [  9.39596919]
 [ 11.84543491]
 [  9.93406043]
 [  9.39587405]
 [  8.45686612]
 [ 10.05535641]
 [ 11.95851649]
 [  9.39036065]
 [ 11.07459821]
 [  8.5506396 ]
 [  9.04985942]
 [ 10.32229898]
 [  9.7267189 ]
 [ 10.46383597]
 [  9.66105765]
 [  9.59630188]
 [  9.93570798]
 [ 10.61856704]
 [ 10.5116456 ]
 [ 11.81427124]
 [ 10.76984167]
 [ 12.29999254]
 [ 12.40823389]
 [ 10.90098209]
 [ 12.21769267]
 [  9.57742108]
 [ 10.65649392]
 [ 11.47285734]
 [ 11.56074622]
 [ 10.66352972]
 [  9.66005037]
 [ 10.864183  ]
 [ 14.23876822]
 [ 10.26257968]
 [ 10.40491561]
 [ 10.92354503]
 [ 10.0559017 ]
 [ 10.72972374]
 [ 10.97097516]
 [ 13.07926105]
 [ 11.68132644]
 [ 13.82691711]
 [ 13.3151686 ]
 [  8.43909166]
 [  8.80337396]
 [ 11.85059867]
 [ 14.33702396]
 [ 14.40374007]
 [ 10.55825289]
 [ 12.28456611]
 [ 12.54159217]
 [ 13.84364319]
 [ 12.6174753 ]
 [ 10.03335927]
 [ 10.2041925 ]
 [ 12.0479289 ]
 [ 12.36301076]
 [ 10.57953778]
 [ 13.25058973]
 [ 12.40204551]
 [ 12.34231839]
 [ 13.17330973]
 [  3.54539616]
 [  3.82882773]
 [  3.65924358]
 [  3.91414828]
 [  4.34625355]
 [  4.88741319]
 [  5.01840066]
 [  5.09880315]
 [  5.10863374]
 [  5.81460947]
 [  5.70041926]
 [  5.94528073]
 [  5.96336851]
 [  6.09936666]
 [  6.62790284]
 [  7.13725184]
 [  7.02897905]
 [  7.10204823]
 [  7.09688182]
 [  7.13046083]
 [  7.48320976]
 [  7.95088174]
 [  8.42480559]
 [  8.36331825]
 [  8.04954558]
 [  8.13787105]
 [  8.30664237]
 [  8.09974432]
 [  7.69869197]
 [  7.87974801]
 [  8.76771609]
 [  8.77202763]
 [  8.96276126]
 [  8.10609532]
 [  8.84115572]
 [  8.00218481]
 [  8.03940912]
 [  7.93153342]
 [  8.5592103 ]
 [  8.90763348]
 [  7.98548711]
 [  9.42419565]
 [  8.85653943]
 [  8.31301638]
 [  8.10411033]
 [ 10.29038415]
 [  9.62492142]
 [ 10.08304014]
 [  9.09330241]
 [  9.29140926]
 [  9.31161546]
 [  8.80006419]
 [  9.42721406]
 [  9.52265655]
 [  9.9939852 ]
 [  8.57951346]
 [  9.38489152]
 [  9.95314481]
 [  8.89832839]
 [  8.75151134]
 [  9.15813848]
 [ 10.28921891]
 [  8.98400624]
 [  8.94161686]
 [ 10.02481552]
 [  9.88663809]
 [ 10.0830179 ]
 [  7.85335699]
 [  8.34851212]
 [  8.58715862]
 [  8.36660358]
 [  9.82579263]
 [  9.54302205]
 [  9.18485477]
 [  9.95522558]
 [ 10.25749517]
 [  9.04936686]
 [  9.61003307]
 [  7.38364999]
 [ 10.58197882]
 [  8.98934058]
 [  9.85778241]
 [ 10.82290452]
 [ 10.06731474]
 [  8.87040834]
 [ 10.0221863 ]
 [ 10.18820174]
 [ 10.40806535]
 [ 11.22653175]
 [  8.54430748]
 [  9.87625927]
 [ 10.86180231]
 [  6.8815591 ]
 [ 10.36609265]
 [  9.65677871]
 [  8.45573248]
 [ 11.15807713]
 [  9.68506313]
 [ 10.25789375]
 [  9.91791473]
 [ 10.24940702]
 [  7.0459856 ]
 [  9.18885608]
 [  9.30337429]
 [  9.26598198]
 [  9.45478362]
 [ 10.24660578]
 [ 12.64560873]
 [  9.67814817]
 [  6.90968763]
 [ 10.46201571]
 [ 10.60691115]
 [ 10.33996651]
 [ 11.33483218]
 [  9.5148702 ]
 [ 11.25250584]
 [  9.76100636]
 [  8.61894241]
 [  9.99112955]
 [  9.68711682]
 [ 11.35628524]
 [  9.44540007]
 [ 10.71790694]
 [ 11.59022791]
 [ 11.09097256]
 [ 11.87045114]
 [ 10.43799878]
 [ 11.66865986]
 [ 11.83715038]
 [ 14.30946312]
 [ 11.36528328]
 [ 11.21291609]
 [ 11.97312859]
 [ 14.27332836]
 [ 11.03220066]
 [ 12.54822774]
 [ 10.98180284]
 [  9.41908696]
 [  9.86318902]
 [ 10.1341678 ]
 [ 10.83692211]
 [  9.66763327]
 [ 10.91908473]
 [ 12.33775936]
 [  8.87484655]
 [  9.62294236]
 [  9.99954754]
 [ 11.39603008]
 [  9.84039182]
 [  8.03047483]
 [ 10.64164515]
 [ 10.92886617]
 [ 11.64257368]
 [  9.35406659]
 [ 11.23676768]
 [ 14.84795842]
 [  6.16252098]
 [  6.76428436]
 [  5.0635876 ]
 [  4.98660457]
 [  4.96722499]
 [  5.39725603]
 [  5.91534729]
 [ -1.57041596]
 [  6.30616745]
 [  6.22263265]
 [  6.63930078]
 [  6.36487779]
 [  6.01759401]
 [  6.33662611]
 [  6.7741964 ]
 [  6.70767755]
 [  6.35223477]
 [  6.79162912]
 [  6.76474069]
 [  7.11657164]
 [  7.13487113]
 [  7.21241118]
 [  6.94456491]
 [  7.64464106]
 [  7.01364982]
 [  7.46748196]
 [  7.13597143]
 [  7.464665  ]
 [  7.37919879]
 [  7.3751133 ]
 [  7.29149802]
 [  7.5425806 ]
 [  7.37373992]
 [  7.51063186]
 [  7.43131421]
 [  7.10851609]
 [  7.40213462]
 [  7.19315749]
 [  8.20264176]
 [  7.77677702]
 [  7.12483129]
 [  7.62492327]
 [  7.43687   ]
 [  8.73062465]
 [  7.38276141]
 [  8.08025689]
 [  8.60020095]
 [  7.84969715]
 [  6.91154427]
 [  7.8872328 ]
 [  8.49364   ]
 [  8.31192082]
 [  8.23008706]
 [  9.15564382]
 [  9.08989768]
 [  4.75419082]
 [  8.33661688]
 [  9.07856352]
 [  9.29239334]
 [  9.22535647]
 [  9.32524284]
 [  9.8960452 ]
 [  9.27405051]
 [  8.32199533]
 [  9.99055265]
 [  9.18893013]
 [  9.39056588]
 [  9.02910164]
 [  8.8694781 ]
 [  9.44367339]
 [  9.84671327]
 [ 10.08547673]
 [  9.04609371]
 [ 10.14786965]
 [ 10.08381061]
 [ 10.48275789]
 [  9.27758009]
 [  9.68596684]
 [  9.38409913]
 [  9.52721028]
 [  9.70995734]
 [  8.44301323]
 [  9.67838838]
 [  9.58447426]
 [ 10.50579383]
 [  9.72387929]
 [  8.41595548]
 [  9.19171424]
 [  8.47670585]
 [  8.15216464]
 [ 10.2946261 ]
 [  8.79968943]
 [  9.61984605]
 [  8.87516601]
 [  9.85502179]
 [ 10.05901853]
 [  9.20539472]
 [ 10.60412817]
 [ 10.00342609]
 [ 10.60925332]
 [ 11.56251965]
 [ 10.38563771]
 [  9.96484426]
 [ 10.22521281]
 [ 10.00224561]
 [ 10.83690647]
 [ 10.3014643 ]
 [ 10.46961888]
 [ 11.68156353]
 [ 10.57604942]
 [ 10.454883  ]
 [ 10.16947674]
 [ 10.87356008]
 [  8.91802577]
 [  8.32295795]
 [  9.91269987]
 [  9.89968513]
 [ 10.58348236]
 [  9.57336832]
 [ 11.57195403]
 [ 10.57817487]
 [ 11.00556696]
 [ 11.31582495]
 [ 10.27418533]
 [ 11.00961433]
 [  8.88267733]
 [ 10.65625159]
 [ 10.06369787]
 [  9.08840637]
 [  9.8620613 ]
 [ 10.85565228]
 [ 10.06026146]
 [ 11.44757525]
 [ 10.65534485]
 [  8.95408832]
 [  6.93663274]
 [ 10.04149156]
 [ 11.86092259]
 [ 11.2539729 ]
 [  9.8028524 ]
 [ 11.54133915]
 [ 11.27570382]
 [ 11.88580092]
 [ 10.92620689]
 [ 11.93887325]
 [  9.25462775]
 [ 10.55537597]
 [ 10.96055397]
 [ 11.20770409]
 [  9.53906357]
 [ 12.10310585]
 [ 10.30135745]
 [ 12.10588545]
 [  9.88872373]
 [ 10.98169327]
 [  9.34888141]
 [ 12.01924416]
 [ 11.16481536]
 [ 12.31872301]
 [ 10.43925562]
 [ 11.64174105]
 [ 12.81712941]
 [ 11.52045829]
 [ 11.12018378]
 [ 11.3191763 ]
 [ 11.88592861]
 [ 12.06352846]
 [ 12.23664451]
 [ 11.43999729]
 [ 10.52121582]
 [ 12.03684216]
 [ 11.20207809]
 [ 10.92373461]
 [ 10.76584197]
 [ 10.26125387]
 [ 10.56198445]
 [ 10.47800262]
 [ 11.57548788]
 [ 10.35092211]
 [ 11.73806174]
 [ 11.56821207]
 [ 10.4462875 ]
 [  8.18581364]
 [ 11.9347555 ]
 [ 12.93808529]
 [ 12.90651058]
 [ 14.23441501]
 [ 11.60388676]
 [ 11.48200654]
 [ 10.85165846]
 [ 12.7330707 ]
 [ 11.7552231 ]
 [ 11.33078571]
 [ 10.41931918]
 [ 10.45413975]
 [ 12.95548097]
 [ 12.10729854]
 [ 12.19500303]
 [ 10.8921717 ]
 [ 10.67809469]
 [ 11.24682106]
 [ 12.63053704]
 [ 12.09161965]
 [ 13.1181399 ]
 [ 10.36337348]
 [ 11.41325068]
 [ 13.10437881]
 [ 10.04154337]
 [ 11.97496993]
 [ 10.35635364]
 [  6.68366076]
 [ 11.96127584]
 [ 11.26138957]
 [ 11.52151394]
 [ 15.82390266]
 [ 14.71015966]
 [ 12.1647491 ]
 [  9.17546289]
 [ 10.00265632]
 [ 18.63201699]
 [  2.73828817]
 [  4.71763335]
 [  7.34152813]
 [  7.05183758]
 [  6.60208653]
 [  6.14012622]
 [  7.35720131]
 [  7.26695678]
 [  6.96583508]
 [  7.78889032]
 [  7.24253849]
 [  7.76822247]
 [  7.61559337]
 [  7.70409069]
 [  7.72516726]
 [  7.55374542]
 [  7.49632722]
 [  8.50392276]
 [  7.48412322]
 [  8.41233894]
 [  8.08333871]
 [  7.50468914]
 [  8.77795141]
 [  8.44229952]
 [  8.87987284]
 [ 10.1413191 ]
 [  7.66523938]
 [  8.79838922]
 [  8.27199679]
 [  8.40369683]
 [  9.55042523]
 [  9.28582984]
 [  9.29897315]
 [  9.04362386]
 [  9.61521615]
 [  8.08608634]
 [  9.67204758]
 [  8.12179971]
 [  9.94140505]
 [  9.72395221]
 [  8.8955542 ]
 [  9.54850298]
 [  8.41439194]
 [  9.51455865]
 [  9.70337566]
 [ 10.52310642]
 [  9.23687148]
 [  8.35127633]
 [  9.19770451]
 [  8.19369986]
 [ 10.75833789]
 [  8.32452325]
 [  8.96075445]
 [ 10.48396546]
 [ 10.79871104]
 [  8.26216301]
 [ 10.59397514]
 [ 10.86231906]
 [ 10.70955624]
 [ 10.31230165]
 [ 11.18478076]
 [ 13.66118104]
 [ 10.60276888]
 [ 11.07308371]
 [ 11.80543307]
 [ 11.25648127]
 [ 10.26560735]
 [ 11.5646899 ]
 [  9.89031547]
 [ 11.94992349]
 [ 10.27231575]
 [ 12.36347918]
 [ 11.26869349]
 [  9.20289983]
 [ 10.07939586]
 [ 11.45947432]
 [ 12.49966288]
 [ 11.97399205]
 [ 10.86989591]
 [ 12.03920763]
 [ 11.99093875]
 [ 14.32471647]
 [ 11.30648336]
 [  9.20011166]
 [ 11.58432717]
 [ 12.66789838]
 [  9.00913525]
 [ 11.50716632]
 [ 12.37977764]
 [ 10.14025722]
 [ 10.82045568]
 [ 12.54745952]
 [ 11.94606821]
 [  9.2031267 ]
 [  9.73187329]
 [ 11.17186921]
 [ 15.22457172]
 [ 10.35943871]
 [ 10.67267928]
 [  5.01888815]
 [ 10.37024445]
 [  9.99601947]
 [  4.22540726]
 [  5.55201298]
 [  5.95883068]
 [  6.24167327]
 [  6.10124658]
 [  6.51151504]
 [  6.6490622 ]
 [  6.94991969]
 [  7.18197871]
 [  7.35197112]
 [  6.95991357]
 [  6.88097853]
 [  7.10700335]
 [  7.20041224]
 [  6.9548691 ]
 [  7.71267043]
 [  7.67832493]
 [  7.64329968]
 [  7.22959462]
 [  7.21086915]
 [  7.79294067]
 [  7.41440002]
 [  7.80965483]
 [  7.88263473]
 [  7.41636449]
 [  8.25150479]
 [  8.61701135]
 [  8.13633379]
 [  8.92386305]
 [  8.44513991]
 [  8.85671557]
 [  8.83614195]
 [  9.02269185]
 [  8.96979927]
 [  8.78450074]
 [  9.58607169]
 [  8.85570645]
 [  9.43783198]
 [  9.20592602]
 [  8.83551865]
 [  9.09206877]
 [ 10.2814532 ]
 [  8.9252024 ]
 [ 10.22392584]
 [  8.70956485]
 [  9.55216645]
 [  9.11103929]
 [  9.7334834 ]
 [  9.9373853 ]
 [  9.93458966]
 [  9.79192589]
 [  9.80957729]
 [  9.33362018]
 [  8.63913716]
 [  9.9822164 ]
 [  8.97541271]
 [  9.05201143]
 [ 10.23081108]
 [  9.64027267]
 [ 10.44269991]
 [ 11.07324928]
 [  9.2272356 ]
 [  9.83323777]
 [  9.43923466]
 [ 10.99157086]
 [ 10.30996092]
 [ 11.25229115]
 [ 11.53380264]
 [ 10.05733964]
 [  9.91265702]
 [ 10.54200148]
 [ 10.98640541]
 [  9.67932469]
 [ 10.29281162]
 [ 11.58825138]
 [ 10.79044746]
 [  9.59379396]
 [  9.47908806]
 [ 10.11163114]
 [  9.85964851]
 [ 11.17099617]
 [ 11.27887506]
 [  9.65700572]
 [  9.84460158]
 [ 10.36571692]
 [ 10.86021007]
 [  9.47507428]
 [ 11.43424449]
 [ 10.60929064]
 [ 10.05746367]
 [ 11.33712758]
 [ 11.02878725]
 [ 10.18734508]
 [ 10.35996411]
 [  9.51946474]
 [ 10.8577744 ]
 [ 11.56159009]
 [ 10.62921161]
 [ 11.55058124]
 [ 11.50960451]
 [ 11.01441139]
 [ 11.60276523]
 [ 10.24812627]
 [ 10.79911201]
 [ 11.06226582]
 [ 13.25267253]
 [ 13.21526973]
 [ 11.66914215]
 [ 10.92377332]
 [ 11.06703937]
 [ 10.40159355]
 [ 10.06842743]
 [  9.8716004 ]
 [ 10.78279436]
 [ 10.49820957]
 [ 11.43276385]
 [ 10.07133726]
 [ 10.71379559]
 [ 10.68228183]
 [ 10.80863233]
 [ 10.8180513 ]
 [ 10.36145335]
 [ 10.11109941]
 [ 10.97603339]
 [ 11.53080143]
 [  9.85908428]
 [ 11.64036196]
 [ 12.19155934]
 [ 12.07587861]
 [ 10.36572957]
 [  9.47289844]
 [ 10.62809559]
 [ 11.82505096]
 [ 10.50479864]
 [ 10.11053087]
 [ 12.50950732]
 [ 10.0777633 ]
 [ 10.87374211]
 [ 10.7526328 ]]
Deviation: [[ 4.86692093]]
Div size is: 835
3340 8
Matrix dim:  (3340, 8)
(3340, 8) (8, 835)
(3340, 8) (8, 3340)
[[  9.39440525]
 [ 11.17689016]
 [ 13.65412812]
 [ 10.18606349]
 [ 10.67713193]
 [ 10.98556639]
 [ 10.6120206 ]
 [  9.8948239 ]
 [ 11.56353648]
 [  9.66692308]
 [ 12.38857103]
 [ 12.24515279]
 [ 11.64285552]
 [ 10.30352592]
 [ 12.00725102]
 [ 11.65617273]
 [  9.46339295]
 [ 11.48977553]
 [ 11.53841999]
 [ 10.94707052]
 [ 12.54403706]
 [  9.09297582]
 [ 10.03289544]
 [ 10.96912528]
 [ 11.85584088]
 [ 12.64120705]
 [ 11.3278087 ]
 [  9.27519534]
 [ 10.54311014]
 [  9.43177524]
 [ 11.89217738]
 [ 10.22513065]
 [ 11.97613876]
 [ 11.99350944]
 [ 11.95254645]
 [ 10.7020242 ]
 [ 11.42358939]
 [ 11.87958553]
 [  9.9548278 ]
 [ 12.93325798]
 [ 11.90127984]
 [  9.51334114]
 [ 10.65133777]
 [ 12.45558516]
 [ 11.65010047]
 [ 10.55398728]
 [  9.743069  ]
 [ 10.27437563]
 [ 12.15289977]
 [ 11.32025349]
 [ 10.91988322]
 [ 11.99316004]
 [ 11.53655191]
 [ 12.44064558]
 [ 10.06700702]
 [ 10.04134561]
 [ 11.15371358]
 [ 13.23888052]
 [ 10.02168062]
 [ 10.49367731]
 [ 11.14336236]
 [ 10.1101126 ]
 [ 11.8749046 ]
 [ 10.58430625]
 [  9.88321991]
 [  9.51701925]
 [ 13.5433539 ]
 [  8.10957365]
 [ 11.93681667]
 [ 11.88717405]
 [ 12.17890043]
 [ 12.61082654]
 [ 12.14728596]
 [  9.31650079]
 [ 10.93644208]
 [ 12.59326893]
 [ 11.95429236]
 [ 13.06557536]
 [ 10.81677547]
 [ 10.3317604 ]
 [  9.17384218]
 [ 11.18907807]
 [ 11.95139965]
 [ 10.80458043]
 [  8.06686429]
 [ 12.70904371]
 [ 10.00419022]
 [ 12.85000684]
 [ 14.55322941]
 [ 10.64912509]
 [ 14.21422264]
 [ 11.61340832]
 [ 11.49783718]
 [  8.44503767]
 [  5.09007657]
 [  6.6504438 ]
 [  6.95859346]
 [  6.447604  ]
 [  7.65251898]
 [  8.05145055]
 [  7.34781101]
 [  7.26687025]
 [  8.16648055]
 [  7.87553883]
 [  7.51470824]
 [  9.49976219]
 [  8.62177816]
 [ 10.78025451]
 [  9.82793904]
 [  8.5756864 ]
 [  9.07083256]
 [  8.25693974]
 [  9.24288568]
 [  8.86422645]
 [  9.52904385]
 [  8.88050696]
 [  9.43138964]
 [  9.26614917]
 [ 10.6904957 ]
 [  8.27631592]
 [  9.00999139]
 [  8.61175492]
 [ 10.43150099]
 [  9.59548111]
 [  9.49021218]
 [  9.99239517]
 [ 10.58093245]
 [ 10.49364804]
 [ 10.11640092]
 [ 10.10232483]
 [ 10.70735622]
 [  9.62857519]
 [ 10.19131955]
 [ 10.50118215]
 [  9.75055002]
 [ 10.62854772]
 [ 11.61762535]
 [ 12.95225691]
 [ 10.13590929]
 [ 10.88984856]
 [  9.47336747]
 [ 10.0642125 ]
 [ 13.60746316]
 [ 11.84908789]
 [ 11.86672968]
 [ 13.07341692]
 [ 11.0489661 ]
 [ 11.20707188]
 [ 10.22393063]
 [ 11.39753828]
 [ 13.65669551]
 [  8.89780524]
 [ 12.58644618]
 [ 13.31820995]
 [  3.37168618]
 [  4.4877766 ]
 [  5.62575972]
 [  6.57208288]
 [  6.49434981]
 [  6.99355845]
 [  6.95311265]
 [  6.7099145 ]
 [  7.64901083]
 [  7.87581474]
 [  8.27417836]
 [  8.18706798]
 [  7.60290952]
 [  8.06257489]
 [  8.29838889]
 [  7.92777332]
 [  8.52325385]
 [  8.22567196]
 [  8.32861118]
 [  8.17023796]
 [  9.02165741]
 [  8.54750532]
 [  9.63094573]
 [  9.27059526]
 [  8.65118143]
 [  8.70941164]
 [  8.59119404]
 [  9.37078573]
 [  9.80640174]
 [  9.55301105]
 [ 10.53976683]
 [  8.46751353]
 [ 10.78572516]
 [  9.3014567 ]
 [  8.96547117]
 [ 10.55542738]
 [ 11.16119068]
 [  8.8810388 ]
 [ 10.21469488]
 [  9.32925482]
 [  9.56770954]
 [  7.9217985 ]
 [  8.87526435]
 [  9.44642131]
 [  9.94003048]
 [ 10.03614281]
 [ 10.77880323]
 [ 10.77789085]
 [ 10.03367733]
 [  9.68928216]
 [  8.42880433]
 [ 11.27337667]
 [ 10.02209841]
 [  9.92774674]
 [ 10.62987508]
 [ 11.43504295]
 [ 11.13114562]
 [ 10.74803487]
 [ 10.2116453 ]
 [ 10.69373398]
 [  9.38112166]
 [ 11.26172415]
 [ 10.27398992]
 [ 11.39617866]
 [ 11.11754314]
 [  9.9137093 ]
 [ 10.65367041]
 [ 10.17897338]
 [ 10.32604805]
 [ 10.65013552]
 [ 10.42728427]
 [ 11.38609594]
 [ 11.40434053]
 [  9.20178003]
 [  9.89465606]
 [ 10.90393383]
 [  9.1782168 ]
 [  9.91979878]
 [ 10.45260343]
 [ 11.11902296]
 [ 11.69113145]
 [  9.24335238]
 [ 10.67921631]
 [ 10.44532487]
 [ 11.45222042]
 [ 10.66377258]
 [ 12.47552194]
 [  9.39126473]
 [ 10.67629167]
 [ 11.32248417]
 [  9.91974002]
 [ 10.11851759]
 [ 11.43997264]
 [ 12.17103181]
 [ 10.94255675]
 [ 11.76449705]
 [ 12.08764492]
 [ 11.48998469]
 [ 10.85199121]
 [ 10.42454681]
 [ 11.00169471]
 [  9.70183942]
 [ 10.69699496]
 [ 10.02978473]
 [ 10.03746862]
 [ 12.01530579]
 [ 11.49469303]
 [ 12.13977683]
 [ 13.73340254]
 [ 13.6423679 ]
 [  9.05884599]
 [ 12.17269741]
 [ 11.38084374]
 [ 11.62433843]
 [ 12.01059061]
 [ 10.78214138]
 [ 13.16103535]
 [ 10.36455303]
 [  9.54455034]
 [ 10.82053242]
 [ 13.29452372]
 [ 10.4581004 ]
 [ 11.58201425]
 [ 10.41259941]
 [ 12.17390338]
 [ 12.60198129]
 [ 11.09964148]
 [ 13.62140969]
 [ 10.79254498]
 [ 11.82481042]
 [  9.67757158]
 [ 10.54989497]
 [ 10.43029071]
 [ 13.31945528]
 [ 11.10262996]
 [ 12.43651248]
 [ 12.58002985]
 [ 13.11429304]
 [ 12.43764405]
 [ 12.06088404]
 [ 14.09103894]
 [ 12.50234583]
 [ 12.93098244]
 [ 13.96281969]
 [ 11.45288363]
 [ 12.63183152]
 [ 12.4890653 ]
 [ 12.48932621]
 [ 12.33624045]
 [ 11.21222571]
 [ 11.93822444]
 [ 13.56194248]
 [ 12.65902753]
 [ 15.70872696]
 [ 12.01566349]
 [ 13.99683224]
 [ 10.06443423]
 [ 13.03930758]
 [  8.91055363]
 [ 13.10784936]
 [ 11.95303235]
 [ 16.23072203]
 [  2.84633966]
 [  2.66988959]
 [  3.95649722]
 [  5.28589915]
 [  5.22302778]
 [  5.43181308]
 [  5.38959664]
 [  5.13319922]
 [  5.40636165]
 [  5.95920549]
 [  5.75904909]
 [  6.28475918]
 [  6.18765518]
 [  6.23865668]
 [  6.46672113]
 [  6.57044383]
 [  6.67604218]
 [  6.7618722 ]
 [  6.6124218 ]
 [  6.70066851]
 [  6.81171096]
 [  7.92132769]
 [  7.29650372]
 [  7.72269769]
 [  8.03804142]
 [  7.60621117]
 [  8.39183959]
 [  8.62669772]
 [  9.47471992]
 [  8.05515623]
 [  8.43278666]
 [  9.29384624]
 [  9.59444586]
 [ 10.37369137]
 [  9.51389752]
 [  8.9434557 ]
 [  9.9322584 ]
 [  9.97805563]
 [ 10.45145925]
 [ 10.74642041]
 [ 10.78020398]
 [  9.78276901]
 [ 10.38587178]
 [  9.38732465]
 [  9.93019597]
 [ 10.83538346]
 [ 10.9011362 ]
 [ 12.07425193]
 [ 13.26117468]
 [ 10.61972048]
 [  4.69883057]
 [  4.93958291]
 [  5.20679424]
 [  5.28170527]
 [  6.40932028]
 [  6.21903359]
 [  6.92745801]
 [  7.17848024]
 [  8.22696967]
 [  7.48922055]
 [  7.43263272]
 [  7.3304516 ]
 [  8.01442439]
 [  8.60335292]
 [  8.74332199]
 [ 21.21387553]
 [  8.04418903]
 [  7.94558798]
 [  7.87410102]
 [  8.3227726 ]
 [  9.04242142]
 [  8.47402642]
 [  9.69692684]
 [  8.22953317]
 [  9.28381623]
 [  9.40830804]
 [  8.57408064]
 [  9.05467392]
 [  8.87993408]
 [  9.84492844]
 [ 10.39594884]
 [  8.9774793 ]
 [  9.87716137]
 [  8.27301326]
 [ 10.05575356]
 [  9.89832483]
 [ 10.17078056]
 [ 10.39445998]
 [ 12.53687209]
 [ 10.69495461]
 [ 11.50863983]
 [  9.5819286 ]
 [ 11.13949075]
 [ 10.57566468]
 [ 10.46320799]
 [ 10.09751643]
 [ 10.34220317]
 [ 11.71212882]
 [  9.52962983]
 [ 13.0087829 ]
 [  9.29139145]
 [ 11.13962607]
 [ 13.78666219]
 [ 15.59905875]
 [ 16.60545244]
 [  8.74298173]
 [ 10.93685916]
 [ 10.16997898]
 [  7.76758863]
 [  7.60435305]
 [ 10.24185581]
 [  8.37766297]
 [  9.3544797 ]
 [  8.06086331]
 [  7.42699908]
 [ 10.38810517]
 [  7.97170714]
 [  7.46041688]
 [  9.64543111]
 [ 11.47465864]
 [ 12.27549934]
 [ 16.22763655]
 [ 18.43170936]
 [ 11.68598742]
 [  5.62158127]
 [  7.71227262]
 [  8.99350263]
 [  7.57683041]
 [  2.34985146]
 [  3.27828296]
 [  5.27671334]
 [  6.57248882]
 [  8.97645317]
 [  8.6105129 ]
 [  8.32655791]
 [  9.26307387]
 [  8.62743668]
 [  5.04361074]
 [  7.11270258]
 [  9.77169357]
 [  9.90127228]
 [  6.93354391]
 [ 13.78935148]
 [ 11.49804148]
 [ 10.36789647]
 [  6.15967523]
 [  9.90188126]
 [  8.55149292]
 [  8.72577805]
 [  9.76426585]
 [ 11.2178626 ]
 [ 11.71128644]
 [ 11.30086167]
 [ 14.12540328]
 [  8.8953108 ]
 [  5.95893808]
 [  8.72593479]
 [  9.05736055]
 [  9.10006208]
 [  8.37154107]
 [  9.12565376]
 [ 10.15116469]
 [  8.05113131]
 [  5.26512582]
 [  8.9392655 ]
 [ 13.40058971]
 [  7.94271054]
 [  5.3294812 ]
 [ 10.51780478]
 [ 13.13033686]
 [ 14.28385994]
 [ 15.78972126]
 [ 12.36186422]
 [ 11.89967509]
 [ 13.62257719]
 [ 19.35205615]
 [ 11.89175316]
 [ 11.32023719]
 [  7.46266652]
 [ 11.65129787]
 [  7.03792373]
 [  6.90363586]
 [  6.35107695]
 [  2.63870803]
 [  5.49849951]
 [  3.08354237]
 [  3.71344169]
 [ 11.10852087]
 [ 12.46896227]
 [ 13.06184609]
 [ 13.02926515]
 [ 15.65045527]
 [ 13.57474547]
 [ 14.6949988 ]
 [ 14.37471795]
 [ 11.46155368]
 [ 12.97828226]
 [ 13.25643431]
 [  6.03225546]
 [  8.57036005]
 [  9.40258828]
 [ 11.5903257 ]
 [  9.49784569]
 [  9.86475149]
 [ 13.11572784]
 [ 14.52447093]
 [ 11.48606744]
 [  4.25756799]
 [  8.52917499]
 [  5.52357158]
 [  7.13933292]
 [  7.84975759]
 [  5.34990683]
 [ 16.23785433]
 [ 13.65247608]
 [ 16.89446699]
 [ 11.53628585]
 [ 13.74017569]
 [  8.4677357 ]
 [  5.53981497]
 [  5.8575017 ]
 [  8.56745417]
 [ 17.62766875]
 [ 16.26015425]
 [ 17.61543108]
 [ 13.36418272]
 [ 15.2904338 ]
 [ 15.70863231]
 [  8.92400482]
 [  9.80054228]
 [  6.51463413]
 [ 10.72666223]
 [ 10.46702688]
 [ 10.00022886]
 [ 10.16085629]
 [ 13.10790375]
 [ 16.09615814]
 [ 14.15123984]
 [ 11.651622  ]
 [ 11.98919677]
 [  7.48725838]
 [  5.39176471]
 [ 10.80511202]
 [  7.5357847 ]
 [ 12.253181  ]
 [ 11.22946422]
 [ 11.82590607]
 [ 12.71196735]
 [ 12.38892765]
 [ 13.97288569]
 [ 11.85459049]
 [ 14.10811035]
 [  7.8389354 ]
 [  8.8586752 ]
 [ 10.0350263 ]
 [  8.56277964]
 [ 10.67134627]
 [  9.42767131]
 [  7.25416807]
 [ 10.34534368]
 [  8.12865585]
 [  8.71198581]
 [  7.21427404]
 [ 12.54485695]
 [ 12.79067333]
 [ 12.3724159 ]
 [ 12.71006141]
 [ 11.35525254]
 [ 11.59311158]
 [ 11.30518763]
 [  9.60026946]
 [ 11.99939161]
 [  8.66345871]
 [ 10.20735278]
 [ 12.81122413]
 [ 11.92272579]
 [ 12.84847859]
 [ 11.549472  ]
 [ 13.4910946 ]
 [ 14.60538784]
 [ 11.22182181]
 [ 13.88026159]
 [ 11.63633208]
 [ 10.81730566]
 [ 11.04723516]
 [ 10.01489527]
 [ 14.30110798]
 [ 12.81808481]
 [ 15.95840861]
 [ 14.57238666]
 [ 13.92843169]
 [ 13.51860147]
 [  8.30991218]
 [  9.2460868 ]
 [  8.94587541]
 [  9.78161076]
 [  8.67313202]
 [  7.7887822 ]
 [  7.52586932]
 [  7.6391598 ]
 [  9.25991584]
 [  7.68227055]
 [  6.77598898]
 [ 10.82253546]
 [  6.72490748]
 [  9.15564194]
 [  6.95338757]
 [  6.49373079]
 [  9.60142011]
 [ 10.69029015]
 [ 10.90293224]
 [  8.43998582]
 [  7.95291218]
 [  8.89926531]
 [  9.61334084]
 [  9.31654021]
 [  9.35674557]
 [ 10.10351639]
 [ 11.25845724]
 [ 10.9194545 ]
 [ 12.63778341]
 [ 10.25852972]
 [  9.41580454]
 [  9.76691308]
 [  8.86084171]
 [  6.85753375]
 [  5.95603256]
 [ 12.47696716]
 [ 11.37082117]
 [ 12.17840744]
 [ 11.29045768]
 [ 12.12360632]
 [ 10.16427786]
 [ 10.0453469 ]
 [  7.89122474]
 [ 10.8140383 ]
 [ 10.39062985]
 [  8.17126681]
 [ 14.36665081]
 [  8.35119138]
 [  9.63468893]
 [  9.63605558]
 [ 10.12497434]
 [ 10.61311967]
 [  8.36288333]
 [ 13.28422068]
 [ 10.1930369 ]
 [ 14.77885823]
 [ 15.30626704]
 [ 12.94025869]
 [ 11.7009601 ]
 [ 10.62299032]
 [ 13.24653977]
 [ 13.53398477]
 [ 11.97970379]
 [  6.17780733]
 [  4.93592016]
 [  3.34347461]
 [ 14.39763417]
 [ 15.76371659]
 [ 11.07799187]
 [  9.85946556]
 [ 10.39341579]
 [  8.73229672]
 [ 11.0699513 ]
 [ 11.98323596]
 [ 14.0727254 ]
 [ 15.17328113]
 [ 11.34709941]
 [ 10.59546006]
 [ 12.50212019]
 [ 11.18461677]
 [ 14.27963353]
 [ 13.96555845]
 [ 11.73124924]
 [ 11.0759185 ]
 [ 14.4087684 ]
 [ 11.58756732]
 [ 12.8444097 ]
 [ 12.09903565]
 [ 11.86826271]
 [ 13.99429096]
 [ 15.19855731]
 [ 11.80395422]
 [  8.06092071]
 [  3.5275924 ]
 [  8.23883433]
 [ 10.18503374]
 [  8.74086552]
 [  7.21992678]
 [  8.41494039]
 [ 10.22022844]
 [  8.36220237]
 [  6.93506147]
 [  3.43504662]
 [  2.837102  ]
 [ 10.17771859]
 [ 10.69123227]
 [  8.85376628]
 [  8.8367614 ]
 [  9.30990896]
 [  8.8443906 ]
 [ 10.35419836]
 [  8.97446419]
 [  9.41609844]
 [  7.15863592]
 [  6.5304849 ]
 [  5.89296278]
 [ 10.97481599]
 [ 11.5768279 ]
 [ 12.37211627]
 [ 12.57798689]
 [  8.50047333]
 [ 10.55084451]
 [  9.04966945]
 [ 10.80643075]
 [  9.76397639]
 [  5.92227906]
 [ 12.32385403]
 [ 11.47865171]
 [ 13.25864451]
 [ 11.44981732]
 [ 11.72412367]
 [ 13.46367242]
 [  9.0967    ]
 [  9.95830283]
 [  6.61910807]
 [  8.88876893]
 [  8.35683638]
 [  8.5254198 ]
 [  9.40314222]
 [  5.98141433]
 [  9.37649998]
 [  9.24706381]
 [  6.47992526]
 [ 11.75673219]
 [  9.46391944]
 [  8.23486816]
 [  5.02639286]
 [ 11.5981673 ]
 [ 12.33669519]
 [  5.09758167]
 [  9.45414984]
 [  7.03837486]
 [ 10.87352247]
 [ 13.68415643]
 [ 12.85183686]
 [ 15.02007189]
 [ 13.01086791]
 [ 10.51162374]
 [ 12.53340448]
 [  6.60847759]
 [ 12.04213896]
 [  6.94623021]
 [  9.15053871]
 [ 11.10146464]
 [  9.36673931]
 [  9.03499363]
 [  9.35245183]
 [ 10.07832193]
 [ 12.80814821]
 [  5.48110917]
 [  6.8974415 ]
 [  7.38633724]
 [  8.53407631]
 [  6.91561156]
 [  8.27456781]
 [  5.80641818]
 [  5.08733894]
 [  4.55479173]
 [  4.67570058]
 [  4.79210016]
 [  3.76232187]
 [ 12.93324509]
 [  9.71207249]
 [ 11.49168904]
 [  8.48482118]
 [ 11.63405243]
 [ 10.54245067]
 [  9.74308354]
 [  8.48153849]
 [ 10.48255994]
 [  6.87696445]
 [ 11.13782108]
 [ 11.06993702]
 [ 13.19585584]
 [ 11.30055726]
 [ 11.24747512]
 [ 11.00319391]
 [ 12.70037819]
 [ 11.95467496]
 [ 12.11554428]
 [ 10.3277602 ]
 [ 12.03011935]
 [ 11.88148635]
 [  7.50291578]
 [ 11.39631524]
 [ 12.248452  ]
 [ 10.88295502]
 [  6.88132738]
 [ 11.65260745]
 [ 11.43387671]
 [ 10.71472797]
 [ 10.19229955]
 [  8.47399504]
 [ 13.24665148]
 [ 11.07613951]
 [  7.89104248]
 [  8.81674394]
 [ 11.04654652]
 [ 10.12051391]
 [ 11.87904701]
 [ 12.13244511]
 [ 13.15200842]
 [ 10.56964029]
 [  6.84646998]
 [  5.37957599]
 [  5.74174447]
 [  6.28014186]]
Deviation: [[ 5.07805936]]
Div size is: 835
3340 8
Matrix dim:  (3340, 8)
(3340, 8) (8, 835)
(3340, 8) (8, 3340)
[[  6.51165496]
 [  7.40458309]
 [  7.16077806]
 [  8.0295305 ]
 [  7.30255033]
 [  7.63285824]
 [  7.93742067]
 [  9.26554822]
 [  9.04050579]
 [  8.81170616]
 [  8.3502012 ]
 [  8.85103338]
 [  8.02085736]
 [  8.91071021]
 [ 10.02915184]
 [  8.67727381]
 [  9.47755725]
 [ 11.00476844]
 [  9.7585403 ]
 [ 11.26625896]
 [ 10.49660801]
 [ 10.55426361]
 [ 12.91600564]
 [ 11.63675553]
 [ 10.18446897]
 [  9.52073422]
 [ 10.71320183]
 [  9.45978159]
 [ 11.99491288]
 [ 12.79743627]
 [ 13.02718052]
 [ 13.91712973]
 [ 13.61581736]
 [ 13.97252413]
 [ 14.62906309]
 [ 13.07471913]
 [ 10.07176355]
 [ 15.42413213]
 [ 12.01335325]
 [  7.86520716]
 [  3.9725145 ]
 [  4.47730632]
 [  4.56807013]
 [  5.25072618]
 [  5.31285719]
 [  5.36804132]
 [  5.68061935]
 [  5.80176033]
 [  6.1284022 ]
 [  6.99187395]
 [  7.09821561]
 [  7.05598456]
 [  7.62926355]
 [  7.05657684]
 [  8.02466539]
 [  8.289303  ]
 [  7.61039136]
 [  8.04791513]
 [  8.13753524]
 [  8.36612969]
 [  8.69012988]
 [  8.89167983]
 [  8.53560273]
 [  8.34937123]
 [  8.43795051]
 [  8.19095785]
 [  8.16830193]
 [  7.80863642]
 [  8.68900927]
 [  8.66024255]
 [  9.09293708]
 [  9.36726402]
 [  9.91634048]
 [  9.58662121]
 [  8.74609115]
 [  8.77641215]
 [  8.47208884]
 [  9.90340884]
 [  9.00670719]
 [ 10.33633991]
 [  7.40592261]
 [  9.43121075]
 [  9.23373144]
 [ 10.0760155 ]
 [ 10.51965663]
 [ 10.36958686]
 [ 10.4457209 ]
 [ 10.14176871]
 [ 10.14242286]
 [ 10.5468474 ]
 [ 11.35151997]
 [ 10.97339786]
 [  9.02708463]
 [ 10.55351263]
 [  9.35929709]
 [ 11.43099379]
 [ 10.76254954]
 [ 10.67678586]
 [ 11.35164195]
 [ 11.36545454]
 [  9.0660589 ]
 [  9.67094426]
 [ 12.01835126]
 [ 13.0432915 ]
 [ 10.64689117]
 [ 10.21958564]
 [ 10.59099282]
 [ 12.59551145]
 [ 12.01437407]
 [ 11.14066784]
 [ 10.63828203]
 [  9.2251654 ]
 [  9.55291044]
 [ 13.08586823]
 [ 11.40298601]
 [ 11.71672611]
 [ 13.50915014]
 [ 14.1070853 ]
 [ 12.89325946]
 [ 10.13099863]
 [ 11.43955359]
 [  4.13666777]
 [ -3.62031658]
 [  5.51797819]
 [  6.15172387]
 [  7.18880487]
 [  7.59183396]
 [  7.43309208]
 [  8.55670194]
 [  7.96004452]
 [  7.72202936]
 [  7.7093704 ]
 [  8.68073543]
 [  9.26647704]
 [  8.19021766]
 [  8.35779389]
 [  6.57871061]
 [  8.88236233]
 [  8.85087332]
 [  8.2829624 ]
 [  8.37217557]
 [  9.03198853]
 [  8.62923969]
 [  8.82142167]
 [  8.3457204 ]
 [  9.95763933]
 [  9.1055646 ]
 [  9.70408837]
 [  9.37629559]
 [  8.66577392]
 [  9.66422386]
 [  8.38123611]
 [  8.7835348 ]
 [  9.89028877]
 [  8.519212  ]
 [ 10.66071856]
 [ 10.1579604 ]
 [ 10.802158  ]
 [  8.38711721]
 [ 10.23036921]
 [ 10.51423864]
 [ 10.06821712]
 [  9.42178281]
 [ 11.20469775]
 [ 10.79192028]
 [  9.60815761]
 [ 10.42692772]
 [  9.95298789]
 [ 11.31411334]
 [  9.73690792]
 [  7.75312465]
 [ 11.17947914]
 [  9.22400204]
 [  6.97243835]
 [  8.70474698]
 [ 11.06857254]
 [ 11.03096629]
 [ 11.04846868]
 [  9.18571304]
 [ 11.30320577]
 [ 11.73969796]
 [ 10.71488721]
 [ 10.61030412]
 [  9.030018  ]
 [ 11.8698021 ]
 [  9.45936813]
 [ 10.86347792]
 [ 11.35647004]
 [ 10.78658085]
 [ 11.23542169]
 [  9.17910108]
 [ 10.73485244]
 [ 10.58657451]
 [ 11.40500742]
 [ 11.77327971]
 [  7.93937602]
 [ 11.43868465]
 [ 10.85577195]
 [ 10.39885007]
 [ 10.04512424]
 [ 12.72570935]
 [ 10.30396112]
 [  8.89189187]
 [ 10.97080828]
 [ 11.49529581]
 [  9.82239964]
 [  3.49012928]
 [  3.95719819]
 [  4.7290874 ]
 [  5.53408067]
 [  6.60699659]
 [  6.15465695]
 [  6.8421135 ]
 [  6.64953991]
 [  6.94580045]
 [  6.97434249]
 [  7.47392209]
 [  7.20084793]
 [  7.12545026]
 [  6.97640665]
 [  7.6042332 ]
 [  7.09186553]
 [  8.28118579]
 [  5.44844297]
 [  7.91521264]
 [  7.28530159]
 [  8.19398265]
 [  8.28260244]
 [  7.9328937 ]
 [  8.48816879]
 [  7.6927313 ]
 [  8.33102303]
 [  9.0059036 ]
 [  7.85948839]
 [  8.47019215]
 [  7.81750162]
 [  7.74023668]
 [  8.45387888]
 [  7.88109776]
 [  9.32837462]
 [  9.49588817]
 [ 10.38348587]
 [  8.98374115]
 [ 10.37486043]
 [  9.27469339]
 [  8.17212675]
 [ 10.37932423]
 [ 10.36836676]
 [  9.58752005]
 [ 10.54226165]
 [  9.80992053]
 [  8.79696808]
 [  9.17805451]
 [ 10.9490051 ]
 [ 11.12889596]
 [ 10.85142   ]
 [  9.39198674]
 [  8.01513508]
 [ 10.89165863]
 [  9.26429001]
 [ 11.73992326]
 [  9.2205555 ]
 [ 10.08168641]
 [ 11.03258111]
 [ 11.62972631]
 [  8.96965188]
 [  9.84325311]
 [ 10.42266765]
 [  9.87112473]
 [ 11.00564254]
 [ 12.18722106]
 [ 11.43132818]
 [ 11.17368692]
 [  9.93007813]
 [ 10.32274074]
 [ 10.4819873 ]
 [ 10.21750831]
 [ 10.28217136]
 [ 11.61813511]
 [ 10.3458607 ]
 [ 10.3844331 ]
 [  8.37631489]
 [ 11.2012026 ]
 [ 10.33670973]
 [  9.26680574]
 [  8.42390434]
 [ 10.34561946]
 [ 11.46691738]
 [ 11.54787138]
 [ 10.85933944]
 [ 10.56590419]
 [ 14.82458127]
 [ 11.61330212]
 [ 11.08372258]
 [ 10.53599164]
 [ 11.34240027]
 [  9.60983812]
 [ 11.39217742]
 [ 12.26598827]
 [ 11.41369064]
 [ 12.28822643]
 [ 10.22862826]
 [ 12.13139978]
 [ 10.92191683]
 [ 13.23107528]
 [  7.21198174]
 [  6.37353224]
 [  4.4553722 ]
 [  4.92412463]
 [  5.13396437]
 [  5.76588804]
 [  5.78970498]
 [  5.66320768]
 [  6.47458408]
 [  7.09529625]
 [  6.9285128 ]
 [  7.34653515]
 [  8.52076092]
 [  8.00138386]
 [  8.31454622]
 [  8.06095784]
 [  8.44583229]
 [  9.51306579]
 [  7.8243051 ]
 [  7.95215188]
 [  8.32153163]
 [  8.82174094]
 [  9.40732543]
 [  9.24987708]
 [  9.65184466]
 [  9.99485843]
 [  9.73001941]
 [  9.14363476]
 [  8.35329932]
 [ 10.23384737]
 [ 11.59077638]
 [ 11.7129278 ]
 [ 10.55836849]
 [ 10.22292273]
 [  9.14444489]
 [ 10.23243876]
 [  9.72991903]
 [  9.19622917]
 [ 10.60064726]
 [ 10.20242849]
 [  9.47353907]
 [ 12.95875612]
 [ 11.32932838]
 [ 11.38595885]
 [  6.64445939]
 [ 12.50201955]
 [  7.91309754]
 [  8.9877295 ]
 [ 12.0382782 ]
 [  9.90166934]
 [ 13.56134089]
 [ 13.04573313]
 [  8.35792321]
 [  8.91222579]
 [  5.97712297]
 [  6.15584709]
 [  5.58794741]
 [  6.16794925]
 [  6.54128973]
 [  7.18103506]
 [  7.32584764]
 [  7.33722164]
 [  7.40983516]
 [  8.21843925]
 [  8.4827008 ]
 [  9.00912218]
 [  7.63324891]
 [ 10.11283011]
 [  9.11679043]
 [  9.18581243]
 [  9.23913963]
 [  8.72450889]
 [ 10.13887154]
 [  9.12376912]
 [ 10.51173839]
 [  9.98105507]
 [  9.07884758]
 [ 10.29774976]
 [ 10.37773314]
 [  9.01883849]
 [  9.59433114]
 [  9.43756307]
 [ 10.36203892]
 [  9.32524134]
 [ 10.27502055]
 [  9.75234871]
 [  9.7124838 ]
 [  9.87784009]
 [ 10.82311859]
 [ 10.76198037]
 [ 10.10218407]
 [ 10.26124098]
 [ 10.09332526]
 [  9.07019427]
 [  9.45030565]
 [  9.25302086]
 [ 11.87624085]
 [  9.98632218]
 [  9.86707888]
 [ 11.18114681]
 [ 10.76821269]
 [  9.83799494]
 [ 10.7880646 ]
 [ 11.6372918 ]
 [ 11.16451522]
 [ 10.12009423]
 [ 10.07384568]
 [  9.08889599]
 [  9.8462492 ]
 [ 11.51102299]
 [ 10.04505855]
 [ 10.60598195]
 [ 11.23840109]
 [ 12.34405172]
 [ 12.75052273]
 [ 11.84525236]
 [  9.82121274]
 [ 13.04026035]
 [ 10.22159725]
 [  9.53084978]
 [ 10.49797133]
 [ 10.31298333]
 [ 11.44883717]
 [ 10.79088945]
 [ 10.94573521]
 [ 11.13590642]
 [ 11.64946702]
 [  9.37218513]
 [ 11.33528664]
 [ 11.35143222]
 [ 10.04822533]
 [ 11.69173333]
 [ 10.78220018]
 [ 11.15743072]
 [ 12.22683237]
 [ 11.23382569]
 [ 11.44570432]
 [ 12.58788168]
 [ 11.03725497]
 [ 11.59573873]
 [ 11.24113115]
 [ 13.37160644]
 [  9.68866141]
 [ 11.6451726 ]
 [ 12.46596636]
 [ 12.11985091]
 [ 11.55975608]
 [ 12.77550392]
 [ 10.6789366 ]
 [ 13.29901755]
 [  9.27905968]
 [ 10.11484077]
 [ 12.0611799 ]
 [ 13.99601082]
 [ 10.16030485]
 [ 12.38059557]
 [ 10.36019767]
 [ 10.63040594]
 [ 10.51743014]
 [ 11.54936466]
 [  6.47704448]
 [  9.26382466]
 [ 10.45489983]
 [ 13.37913119]
 [ 10.96946549]
 [  5.73431709]
 [  7.68771748]
 [  6.78039483]
 [  9.66642994]
 [  8.1441841 ]
 [  8.01449347]
 [  7.54388851]
 [  9.58207108]
 [  8.07525209]
 [  7.33079725]
 [  8.81671284]
 [  9.41541792]
 [  9.74636146]
 [  8.46922424]
 [  7.79691622]
 [ 10.0338874 ]
 [  9.90990109]
 [ 10.36214575]
 [ 10.28899986]
 [ 12.34278339]
 [ 10.181858  ]
 [ 11.10487096]
 [ 10.69410329]
 [ 11.9791022 ]
 [ 10.93027506]
 [ 11.50521237]
 [  8.66601387]
 [ 12.28100054]
 [ 10.44400718]
 [ 10.82576339]
 [ 10.72400432]
 [ 10.66031711]
 [  7.79005603]
 [ 17.9517032 ]
 [  4.88144322]
 [  6.97309461]
 [  7.32569742]
 [  7.72816371]
 [  7.72875634]
 [  7.48160304]
 [  8.5860863 ]
 [  8.60966675]
 [  8.66549924]
 [  8.21075403]
 [  9.03491685]
 [  9.08001233]
 [  9.47663968]
 [  9.71355699]
 [  9.32928561]
 [  9.67547835]
 [  9.22633674]
 [  8.98768936]
 [ 10.0641479 ]
 [  9.72790229]
 [ 10.17926698]
 [  9.05082035]
 [  9.20333055]
 [ 11.12314879]
 [  9.32249023]
 [ 12.40795525]
 [ 10.31666013]
 [ 11.75870307]
 [ 10.71730846]
 [ 11.13238771]
 [ 11.02588197]
 [ 10.54747548]
 [ 10.68880425]
 [ 10.99758388]
 [ 11.25111529]
 [  9.69873496]
 [ 10.09768486]
 [ 10.98753893]
 [  9.87335703]
 [ 10.36990787]
 [ 10.96956903]
 [ 14.08262244]
 [ 11.46284053]
 [ 11.45009494]
 [ 12.07489888]
 [ 11.3813116 ]
 [ 12.61174606]
 [ 12.60407476]
 [ 12.29606974]
 [ 12.72722435]
 [ 12.35733412]
 [ 13.01874728]
 [ 14.03350556]
 [ 11.75277547]
 [ 11.58092299]
 [ 13.95393183]
 [ 10.20529105]
 [ 11.19495221]
 [ 10.93898894]
 [ 11.01127211]
 [ 11.30729395]
 [ 11.27211638]
 [ 10.48769088]
 [  9.86243815]
 [ 13.79000249]
 [ 12.49049039]
 [ 12.3742624 ]
 [ 15.99486055]
 [ 11.24589127]
 [ 13.43716222]
 [ 13.98297139]
 [ 15.60788784]
 [ 19.60107753]
 [  9.99533371]
 [  4.36115354]
 [  4.29299667]
 [  4.79778741]
 [  2.41426209]
 [  7.79992208]
 [  7.69030029]
 [  8.65575129]
 [  9.47131059]
 [  9.87322671]
 [ 10.10124985]
 [ 10.83082499]
 [ 10.07358748]
 [  8.84046802]
 [  9.69820354]
 [ 12.45487971]
 [ 11.54647625]
 [ 10.15337712]
 [  8.31762772]
 [ 10.94627635]
 [ 10.70413027]
 [ 13.39031655]
 [ 12.81135116]
 [  5.39440358]
 [  5.49648081]
 [  6.50653539]
 [  7.2541021 ]
 [  7.5822157 ]
 [  7.86023736]
 [  8.00349277]
 [  8.35026262]
 [  7.99209695]
 [  8.16152046]
 [  6.77111853]
 [  6.76803219]
 [  9.80232158]
 [  9.73045365]
 [  9.92455709]
 [ 10.08201683]
 [  8.37456371]
 [  9.12357466]
 [ 11.42345633]
 [ 10.88916371]
 [  9.89787533]
 [ 13.49516972]
 [ 11.62491406]
 [ 10.37488593]
 [ 13.21075505]
 [ 11.73728142]
 [  9.84208461]
 [ 10.08488701]
 [  9.89066484]
 [  9.74657478]
 [  9.91120902]
 [ 11.04189174]
 [  9.95908835]
 [ 10.98022735]
 [  6.84775222]
 [ 15.35447511]
 [  3.78149704]
 [  4.16999404]
 [  3.67742569]
 [ 10.78473873]
 [ 10.85656618]
 [ 11.11941374]
 [ 12.10409408]
 [ 16.52459208]
 [ 18.55653662]
 [ 11.75979395]
 [ 17.38673755]
 [  8.45709171]
 [  8.43099431]
 [ 10.69791378]
 [  9.23619728]
 [ 13.13974069]
 [  8.6579222 ]
 [ 10.08313831]
 [  6.52221259]
 [  5.1686113 ]
 [  6.00786427]
 [ 13.55154562]
 [ 10.3354748 ]
 [ 13.38425179]
 [ 10.26798303]
 [ 13.93102527]
 [ 11.14735405]
 [ 12.27205067]
 [ 11.74545383]
 [ 12.07335726]
 [ 11.40609449]
 [ 10.92884515]
 [  6.78353246]
 [  9.76947335]
 [ 10.94392995]
 [  9.53364768]
 [  9.90815503]
 [  7.72484929]
 [  5.2307436 ]
 [  7.45583022]
 [ 10.81336374]
 [ 16.02038509]
 [ 10.68394493]
 [ 13.69261271]
 [ 10.57312806]
 [  8.24832052]
 [  9.39280608]
 [ 16.02524138]
 [  9.69379526]
 [  3.61969533]
 [ 12.22957827]
 [  9.48524598]
 [ 13.06897665]
 [ 11.95350791]
 [ 14.48411582]
 [  6.31643075]
 [  6.21852644]
 [  9.3608386 ]
 [ 10.04541268]
 [ 10.75430691]
 [  7.74753362]
 [ 15.69442523]
 [ 13.52146775]
 [ 16.08107628]
 [  7.08037977]
 [  5.92051611]
 [  9.90636319]
 [  6.60457284]
 [  9.57382636]
 [ 11.43213947]
 [ 12.05820844]
 [ 12.43960388]
 [ 10.50902928]
 [ 11.40160663]
 [ 11.80842718]
 [ 17.77754189]
 [  9.02368096]
 [ 13.79800065]
 [ 15.39211025]
 [ 11.1112055 ]
 [  8.0588911 ]
 [ 13.71911883]
 [ 12.08894323]
 [ 16.11755688]
 [  9.03276105]
 [  8.46492341]
 [  8.79902892]
 [  8.3863527 ]
 [ 13.43733211]
 [ 11.27145952]
 [  8.48897609]
 [ 11.54549289]
 [ 12.00563264]
 [ 14.05715883]
 [ 13.48881321]
 [  7.23045379]
 [ 13.0329978 ]
 [ 12.69505033]
 [ 12.78610646]
 [ 11.00192025]
 [ 11.91034932]
 [ 12.90342928]
 [ 13.90857609]
 [ 12.5754246 ]
 [ 13.03214433]
 [ 11.79639274]
 [ 12.86611071]
 [ 12.22097712]
 [  6.12740915]
 [  8.70239902]
 [  9.29951551]
 [  8.66395475]
 [  8.21170605]
 [  8.27610037]
 [  5.84271505]
 [ 11.64916838]
 [  8.67841474]
 [  9.29973695]
 [ 11.92233799]
 [ 11.430833  ]
 [ 12.03075078]
 [ 11.46903487]
 [ 10.6952741 ]
 [ 10.29828943]
 [  9.97675578]
 [  9.06785364]
 [  7.39945936]
 [  8.45956753]
 [ 12.50418418]
 [ 12.60071462]
 [ 11.74396599]
 [  9.62329017]
 [ 10.1272058 ]
 [ 11.01137589]
 [  8.38344341]
 [ 10.19107847]
 [ 10.56072236]
 [ 11.01044046]
 [ 16.15859322]
 [ 16.80685946]
 [ 11.75520469]
 [ 11.75663128]
 [ 12.13620106]
 [ 11.29062637]
 [ 12.04543187]
 [ 11.88997325]
 [ 10.96566113]
 [ 10.54689492]
 [ 11.380969  ]
 [ 10.02025223]
 [ 10.50136281]
 [  9.59448173]
 [  9.86610975]
 [ 12.22409626]
 [ 11.07714809]
 [ 12.53461318]
 [ 12.70988825]
 [ 12.94735871]
 [ 13.39046163]
 [ 13.58198382]
 [ 12.71409098]
 [ 14.0785151 ]
 [ 13.29862705]
 [ 11.08606878]
 [ 13.17028094]
 [  8.31821858]
 [  8.55756024]
 [  5.58172739]
 [  9.07908158]
 [ 12.35700202]
 [  9.91839114]
 [ 11.01568723]
 [  8.09047316]
 [  8.64094618]
 [  7.14196974]
 [ 10.09238179]
 [  5.39735277]
 [  3.30353397]
 [ 17.31406212]
 [ 11.44362049]
 [ 10.41390383]
 [  9.14204183]
 [  7.71365014]
 [  7.08604032]
 [  7.07381777]
 [ 11.41511417]
 [ 11.69241269]
 [ 11.48504047]
 [ 11.07795213]
 [  7.66187399]
 [  9.32223603]
 [  9.9271033 ]
 [  9.17080674]
 [  8.19767178]
 [  9.14094648]
 [  9.1733263 ]
 [ 13.8230872 ]
 [ 17.45038765]
 [ 12.4781684 ]]
Deviation: [[ 4.87205207]]
Div size is: 835
3340 8
Matrix dim:  (3340, 8)
(3340, 8) (8, 835)
(3340, 8) (8, 3340)
[[  9.94431302]
 [ 10.52069048]
 [  8.57996348]
 [  9.45362654]
 [ 11.24963576]
 [ 10.4071036 ]
 [ 11.67435885]
 [  8.45720053]
 [  8.26264615]
 [  9.9677816 ]
 [ 10.25840459]
 [ 10.26037224]
 [  9.82872291]
 [  9.8836188 ]
 [  8.49488171]
 [  8.78022277]
 [  7.33899757]
 [  7.22146058]
 [  5.73978972]
 [ 13.10952537]
 [ 12.42147449]
 [  8.09359647]
 [  7.92115679]
 [  9.99390633]
 [  6.62709044]
 [  8.73568901]
 [  5.54084841]
 [ 14.37660339]
 [ 12.53151446]
 [ 14.07246595]
 [  9.2440254 ]
 [  6.60689074]
 [ 10.12070058]
 [ 12.22042109]
 [  9.05870023]
 [  8.48928504]
 [  6.23794118]
 [  5.15520407]
 [  6.75012389]
 [  5.69361619]
 [  3.53210655]
 [ 12.58546688]
 [  9.9473879 ]
 [  9.54342115]
 [  5.89897931]
 [  8.76787484]
 [ 10.45569117]
 [ 12.14218663]
 [ 10.81027829]
 [ 12.19213594]
 [  9.41955016]
 [ 11.89253648]
 [ 13.09328504]
 [ 12.09923332]
 [ 12.47203883]
 [ 15.11956018]
 [ 12.83522232]
 [ 10.65294497]
 [  7.35836034]
 [  8.79462484]
 [ 11.87998907]
 [ 11.75207044]
 [ 10.97506132]
 [  7.42390169]
 [  7.63914474]
 [  6.29564859]
 [  6.91753257]
 [  6.63621359]
 [  7.48836926]
 [  7.70286857]
 [  7.50298188]
 [  7.54691491]
 [  9.21368434]
 [  8.83642551]
 [  8.82261975]
 [ 11.80147924]
 [  8.96072306]
 [  9.86528455]
 [ 12.33787127]
 [  9.66714283]
 [ 13.00288256]
 [ 10.37675895]
 [ 10.44210791]
 [ 10.79667537]
 [ 12.65693581]
 [ 12.34722435]
 [ 11.32870257]
 [ 10.15351858]
 [  4.71207683]
 [  5.36696703]
 [  6.17508246]
 [  7.02108593]
 [  6.9114057 ]
 [  7.1103591 ]
 [  6.62864477]
 [  7.24173824]
 [  7.34111722]
 [  7.28230754]
 [  7.66716114]
 [  8.45420864]
 [  8.49789393]
 [  8.82551817]
 [  7.65100135]
 [  8.92845204]
 [  9.1164086 ]
 [  9.69005927]
 [  8.54149698]
 [  9.22882537]
 [  9.19329677]
 [  8.50562522]
 [  9.90506994]
 [ 11.19479509]
 [  9.32395794]
 [  9.08877766]
 [ 10.28556551]
 [ 11.17640159]
 [ 10.11707021]
 [ 11.57026473]
 [ 10.75214026]
 [ 10.52084901]
 [ 10.70996556]
 [ 12.35894038]
 [ 12.54708673]
 [ 13.03417063]
 [ 10.93473194]
 [ 12.53269806]
 [ 10.75554163]
 [ 12.5729996 ]
 [ 11.24154349]
 [ 14.21011523]
 [ 14.6021661 ]
 [ 10.71653038]
 [  3.28594538]
 [  3.97699489]
 [  6.30877291]
 [  7.65181628]
 [  7.72296554]
 [  7.40851574]
 [  7.66781245]
 [  7.59192035]
 [  8.04778884]
 [  7.76206196]
 [  9.80672042]
 [  9.39696714]
 [  8.95841975]
 [  6.63711268]
 [  9.93594871]
 [  8.86653619]
 [  9.55252119]
 [ 10.15209306]
 [ 10.1796962 ]
 [  9.96277143]
 [  9.78881253]
 [  9.95562665]
 [  9.46125827]
 [  9.39109253]
 [ 10.06074214]
 [  9.02874995]
 [ 11.1825212 ]
 [ 10.66952369]
 [  9.98217004]
 [ 11.31094795]
 [ 11.05093171]
 [ 12.50091194]
 [ 10.63512275]
 [ 11.93003371]
 [  9.29322777]
 [ 11.08357793]
 [ 11.00345416]
 [ 10.53432778]
 [ 10.23340119]
 [ 10.01904384]
 [ 10.33407747]
 [ 12.85813071]
 [ 10.41587867]
 [ 12.23241818]
 [ 12.37393994]
 [  9.85075854]
 [  7.29150038]
 [ 10.54719118]
 [ 11.67571303]
 [  4.06322403]
 [  4.75369156]
 [  5.1876886 ]
 [  6.12673728]
 [  6.14060135]
 [  6.33255008]
 [  6.87583382]
 [  6.76041446]
 [  6.73943053]
 [  6.75541281]
 [  6.80042956]
 [  7.39873804]
 [  7.55344532]
 [  7.39799817]
 [  7.15536754]
 [  8.11962249]
 [  8.47096123]
 [  8.31731742]
 [  8.53370154]
 [  8.9761376 ]
 [  7.97610055]
 [  9.44275033]
 [  8.31516567]
 [  8.90360251]
 [  9.08154515]
 [  8.48275197]
 [  8.85332642]
 [  8.68404167]
 [  9.52110399]
 [  9.27976514]
 [  9.45594957]
 [  8.91477671]
 [  9.86514142]
 [ 10.17675628]
 [ 10.70606606]
 [ 10.3267527 ]
 [  9.83258987]
 [  9.77371547]
 [ 10.65829893]
 [  8.33814754]
 [ 10.35862018]
 [  9.50725777]
 [ 11.73659092]
 [  8.62506207]
 [ 11.76361007]
 [ 11.37409174]
 [ 10.88125354]
 [ 10.53656078]
 [ 10.15626972]
 [  9.92497686]
 [ 11.07957474]
 [ 10.4092229 ]
 [ 11.45480543]
 [ 11.04408554]
 [ 11.27069367]
 [ 12.83106249]
 [ 12.17154811]
 [ 11.03663642]
 [ 11.51203674]
 [ 11.28213565]
 [ 10.01676547]
 [ 10.33796042]
 [ 11.56197148]
 [ 12.36712328]
 [  9.60797907]
 [ 11.99035443]
 [ 10.35585704]
 [ 10.17416992]
 [ 11.75403157]
 [ 11.9509593 ]
 [ 10.8499929 ]
 [ 11.13747993]
 [ 13.39767157]
 [ 10.49669926]
 [ 10.55016901]
 [ 10.73644216]
 [ 12.91798782]
 [ 12.33739706]
 [  9.54512776]
 [  3.267515  ]
 [  6.8965507 ]
 [  7.15380315]
 [  8.50326473]
 [  8.23675258]
 [  7.95749799]
 [  8.61305267]
 [  8.3739646 ]
 [  9.70429768]
 [  8.27764926]
 [ 10.26202171]
 [ 10.73079252]
 [ 13.02966536]
 [  8.86280342]
 [ 11.88250286]
 [  8.81583359]
 [ 11.50894448]
 [  9.72008748]
 [ 11.25011753]
 [ 11.75093059]
 [ 10.74493841]
 [ 10.54120321]
 [ 11.02971514]
 [ 10.849325  ]
 [ 11.09552342]
 [ 12.83679731]
 [ 13.34689399]
 [  9.11360096]
 [ 13.02721875]
 [  5.2059646 ]
 [  5.69021705]
 [  5.69590627]
 [  5.82857045]
 [  5.68575017]
 [  6.8982387 ]
 [  7.31290019]
 [  7.1330689 ]
 [  8.44219307]
 [  9.12166106]
 [  8.13790407]
 [  8.92073871]
 [  9.74710452]
 [  8.49406165]
 [  9.35198729]
 [  9.28695194]
 [  8.76674074]
 [  9.09647228]
 [  9.89993001]
 [  9.81115018]
 [ 10.78242133]
 [  9.65471489]
 [  9.37552614]
 [  9.14604743]
 [  8.81627063]
 [ 10.7539405 ]
 [  9.65713418]
 [  9.70351934]
 [  9.64009157]
 [ 10.84223415]
 [  9.83527858]
 [ 10.2146657 ]
 [ 10.21898801]
 [ 10.81936343]
 [  9.91296905]
 [ 10.6469558 ]
 [  8.96598957]
 [  9.18345303]
 [ 11.07874094]
 [ 10.99825219]
 [ 11.7367252 ]
 [ 11.26273186]
 [ 10.92849551]
 [  9.39180752]
 [ 11.08678423]
 [ 10.29364678]
 [ 11.68614589]
 [ 11.00437657]
 [ 12.07677112]
 [ 12.79679345]
 [ 10.37860247]
 [ 11.85064976]
 [ 10.49924265]
 [  9.1184414 ]
 [ 13.11572873]
 [ 11.3638455 ]
 [ 11.31000653]
 [ 10.47066194]
 [ 11.09611661]
 [ 11.37136968]
 [ 12.74208038]
 [ 13.17930273]
 [ 12.40829157]
 [ 11.60284446]
 [ 11.47347484]
 [ 11.22785389]
 [ 12.13273847]
 [ 11.58344806]
 [ 13.36270413]
 [ 12.20731767]
 [ 12.52781052]
 [ 12.24504012]
 [ 13.39876828]
 [ 10.74734507]
 [ 11.81339447]
 [ 12.72945918]
 [ 12.55068924]
 [ 11.15617896]
 [  8.72056331]
 [ 12.82576541]
 [ 10.86740762]
 [ 13.41985621]
 [ 13.23148547]
 [ 13.40323684]
 [  5.75460047]
 [ 10.8023609 ]
 [ 11.42794554]
 [  4.05480164]
 [  6.82078615]
 [  6.45083949]
 [  6.41966236]
 [  6.63742385]
 [  8.05066589]
 [  7.6381071 ]
 [  9.45781749]
 [  8.91486322]
 [  8.46798571]
 [  9.90553839]
 [  9.46493   ]
 [  9.47300179]
 [  8.54921286]
 [  7.58473741]
 [  9.8648223 ]
 [  6.65570228]
 [  9.65933415]
 [ 11.97906023]
 [ 10.84227977]
 [ 10.79388268]
 [  9.97407261]
 [ 12.23117418]
 [  9.93515238]
 [  9.54113687]
 [ 12.62285805]
 [ 11.38628851]
 [ 13.77695477]
 [  5.32689974]
 [  5.47653903]
 [  7.14595222]
 [  7.68502216]
 [  7.65923418]
 [  8.86929968]
 [  9.31928459]
 [  8.15985617]
 [  9.13648836]
 [  9.02972952]
 [  9.14958387]
 [  9.63396693]
 [  9.89884057]
 [  9.44968547]
 [ 10.57761439]
 [ 11.41220056]
 [ 10.66616537]
 [ 10.07349555]
 [ 10.05744472]
 [ 10.65084639]
 [ 10.35437635]
 [ 11.42758385]
 [ 11.36345544]
 [ 11.97638938]
 [ 11.84530197]
 [ 10.11863041]
 [ 10.80775175]
 [ 11.04395611]
 [  9.08409495]
 [ 12.57312895]
 [ 10.82612487]
 [ 11.77103428]
 [ 10.42596091]
 [ 11.1248062 ]
 [  9.88391327]
 [ 10.79523907]
 [ 11.76287524]
 [  9.95930985]
 [ 12.05610555]
 [ 10.70568281]
 [ 10.62984472]
 [ 11.75979075]
 [ 10.9080124 ]
 [ 13.5877713 ]
 [ 11.74241962]
 [ 12.10518064]
 [ 12.89278065]
 [ 12.41728421]
 [ 13.08105466]
 [ 13.37283332]
 [ 11.72482596]
 [ 13.88671455]
 [ 13.12282728]
 [ 15.32387538]
 [ 14.48237816]
 [ 13.76308114]
 [ 15.82591157]
 [  3.82515025]
 [  5.98968834]
 [  5.72628527]
 [  6.74163059]
 [  7.58985916]
 [  7.66023552]
 [  7.29941369]
 [  9.47055095]
 [ 10.11222158]
 [ 10.08247551]
 [  9.86413547]
 [ 12.20800945]
 [  6.76905873]
 [  8.48953936]
 [  8.12794539]
 [  8.16213092]
 [  8.65262382]
 [ 10.00506155]
 [  9.61245359]
 [ 11.36179118]
 [ 12.03987367]
 [ 12.41913141]
 [ 10.28064491]
 [ 10.25679383]
 [ 13.0282136 ]
 [ 13.47573907]
 [ 16.39588327]
 [ 10.13198323]
 [ 14.55362648]
 [ 10.9171373 ]
 [ 12.45544645]
 [ 10.00977655]
 [ 10.35029247]
 [  6.93398849]
 [  9.25912669]
 [  8.25166596]
 [  2.896461  ]
 [  6.45715144]
 [  8.8995168 ]
 [  9.6609189 ]
 [ 10.34610501]
 [ 12.4267345 ]
 [ 10.82235996]
 [ 13.20691161]
 [  9.24577053]
 [  6.9613563 ]
 [  8.78507221]
 [ 13.70010213]
 [  7.34732399]
 [  7.78222565]
 [ 13.02475655]
 [ 11.83623151]
 [  9.96547859]
 [ 11.4861921 ]
 [  8.40474613]
 [  6.60299753]
 [ 15.98239778]
 [ 13.41771296]
 [ 10.82359296]
 [ 11.97849068]
 [ 15.82309266]
 [  9.20354641]
 [ 14.38270039]
 [  6.13118038]
 [ 11.95797666]
 [ 10.71353576]
 [  9.98827268]
 [  9.27367823]
 [ 10.38978934]
 [ 11.54445128]
 [  8.72857528]
 [ 10.74836201]
 [  6.44181764]
 [ 11.26668748]
 [  6.13483666]
 [ 13.71480462]
 [ 13.52931486]
 [  9.34204078]
 [ 10.38718406]
 [  7.43989217]
 [ 10.64608909]
 [ 14.85148759]
 [ 11.08486373]
 [  5.35655942]
 [  8.04563601]
 [  9.36988285]
 [  9.85803884]
 [  9.46609779]
 [ 14.23739864]
 [  9.920085  ]
 [ 13.44895314]
 [ 12.2943272 ]
 [  9.70109722]
 [ 10.00958747]
 [ 13.26845761]
 [ 15.79548479]
 [ 12.35878032]
 [ 11.8275508 ]
 [  2.67182726]
 [  8.63279383]
 [ 10.02898905]
 [  2.84419567]
 [ 14.00545324]
 [ 13.88721482]
 [  7.45046763]
 [  4.86729062]
 [  9.56445194]
 [  9.81960087]
 [  8.92234192]
 [  9.75656394]
 [  7.32628978]
 [ 10.20487202]
 [ 10.17272666]
 [ 11.75271801]
 [ 10.18159553]
 [ 10.89641773]
 [ 12.42666533]
 [ 12.86397584]
 [ 11.72848315]
 [  6.23907506]
 [  7.62591614]
 [ 11.5109462 ]
 [  7.62501764]
 [ 10.9680258 ]
 [  9.12190175]
 [ 11.21014195]
 [  9.73973566]
 [ 15.93726547]
 [ 14.06080265]
 [ 13.82891814]
 [ 12.50423621]
 [ 10.67517744]
 [  4.61742346]
 [  4.81541125]
 [ 11.56374992]
 [ 10.95252305]
 [ 12.36645017]
 [  7.01292313]
 [ 11.20650469]
 [  9.6199526 ]
 [ 12.42449062]
 [ 10.06058082]
 [ 13.67926954]
 [ 13.40966558]
 [  4.62616075]
 [ 11.86069412]
 [ 10.51144639]
 [ 10.97927524]
 [ 12.11839451]
 [ 12.432329  ]
 [ 11.08910839]
 [  5.87860522]
 [  9.15784318]
 [  8.13650825]
 [  9.26824449]
 [ 10.55568295]
 [  9.61884147]
 [ 12.41156428]
 [ 12.12837124]
 [ 12.20916572]
 [  8.00585548]
 [ 10.81122864]
 [  5.04002671]
 [  4.97906031]
 [  5.58414443]
 [  5.60565731]
 [  5.96977215]
 [  7.25156238]
 [  6.51192303]
 [  7.40253469]
 [  7.43774042]
 [  7.48938413]
 [  7.56125524]
 [  7.39807763]
 [  8.75722627]
 [  8.78059147]
 [  8.82864752]
 [  9.54503824]
 [  8.80235012]
 [  7.94805085]
 [ 10.53343205]
 [ 11.1790003 ]
 [ 10.88040178]
 [  9.62225573]
 [ 11.6338093 ]
 [ 11.48368406]
 [ 14.72915241]
 [ 11.40437268]
 [ 12.78823383]
 [ 12.47699978]
 [ 12.10753827]
 [ 15.01929245]
 [ 13.87059212]
 [  3.53799645]
 [  4.38803011]
 [  8.17948366]
 [  6.80490978]
 [  6.64311681]
 [  7.14557181]
 [  7.87747923]
 [  6.89156866]
 [  8.95250471]
 [  8.86770401]
 [  9.82919529]
 [  9.78910313]
 [ 10.41517316]
 [  9.51297574]
 [  9.86549166]
 [  9.21668829]
 [  8.37859026]
 [ 10.49296043]
 [ 10.0980569 ]
 [ 11.28649871]
 [ 11.02302365]
 [  7.8924532 ]
 [ 11.02310379]
 [  9.32290577]
 [  9.94405021]
 [  9.53816076]
 [ 11.78114353]
 [ 13.42656126]
 [ 11.62557784]
 [  5.31291203]
 [  6.30341638]
 [  6.32988838]
 [  7.11427545]
 [  6.80940407]
 [  8.19698403]
 [  8.53183133]
 [  7.96266374]
 [  6.9781475 ]
 [  8.10513726]
 [  9.97888135]
 [  9.11019654]
 [ 10.45777956]
 [  9.43327856]
 [  9.84091136]
 [ 10.84794212]
 [ 10.45846686]
 [ 10.31982761]
 [  9.3602537 ]
 [  9.65914858]
 [ 10.94726745]
 [ 10.52148436]
 [ 11.07432127]
 [ 12.33808918]
 [ 11.00515221]
 [ 10.45158558]
 [ 12.26078688]
 [ 11.07842772]
 [ 11.85710035]
 [ 12.04499913]
 [ 11.9623671 ]
 [ 11.91264015]
 [ 11.71853082]
 [ 13.55063761]
 [ 12.10366206]
 [ 11.69184206]
 [  8.67939465]
 [  9.18697246]
 [ 11.90775493]
 [ 10.08544925]
 [ 11.85360098]
 [  9.52049513]
 [  7.06549503]
 [  7.39302677]
 [  7.81577101]
 [  8.08051362]
 [  8.47114903]
 [  8.42575533]
 [  9.41910622]
 [  9.29331454]
 [ 10.38868654]
 [  9.63159839]
 [ 10.02947834]
 [ 11.45424046]
 [  9.84158206]
 [  9.40745171]
 [  9.24826818]
 [  9.94845527]
 [ 10.75198637]
 [  9.45933589]
 [  9.99865682]
 [ 10.64521314]
 [  9.25251355]
 [ 11.09334952]
 [ 10.39138919]
 [ 11.51659184]
 [  9.37135303]
 [ 11.38724545]
 [ 10.71907738]
 [ 10.13274395]
 [ 12.13005616]
 [ 10.83600572]
 [ 12.42932121]
 [ 10.85281521]
 [ 11.52078294]
 [ 11.16927066]
 [ 10.41027354]
 [ 10.34562837]
 [ 13.1604185 ]
 [ 13.04806452]
 [ 11.43631249]
 [ 10.80768608]
 [ 12.32990596]
 [ 12.83346594]
 [  7.36855607]
 [  8.17752438]
 [  8.85942196]
 [  9.45730997]
 [  8.82699359]
 [  8.9903538 ]
 [  8.79389737]
 [  8.26675149]
 [  9.21477882]
 [  8.70948436]
 [ 10.62278033]
 [ 12.56104157]
 [  5.56332462]
 [  7.31361414]
 [  8.99076183]
 [  9.38828846]
 [  9.53110773]
 [ 10.00964832]
 [  9.63410254]
 [ 10.96147051]
 [ 10.21606573]
 [ 10.1813975 ]
 [ 10.98827763]
 [ 11.46797668]
 [ 10.64444204]
 [ 12.51134509]
 [ 10.65071577]
 [ 11.0926846 ]
 [ 12.59195662]
 [ 11.19802747]
 [ 11.93513121]
 [ 11.33592016]
 [ 11.86469604]
 [ 14.82186664]
 [ 12.80277507]
 [ 11.87910372]
 [ 11.47135175]
 [ 12.96132672]
 [ 17.10914711]
 [ 11.81149298]
 [ 12.62947873]
 [ 12.62584662]
 [  5.22658614]
 [  6.20282868]
 [  6.20378129]
 [  6.92135549]
 [  7.81025431]
 [  7.08949225]
 [  8.70904097]
 [  9.05061547]
 [  9.0660687 ]
 [  8.98984804]
 [ 10.95677284]
 [ 11.3784334 ]
 [ 10.93998185]
 [  7.07361773]
 [  6.71134524]
 [  7.35795381]
 [  7.29091002]
 [  8.99304591]
 [  9.06220483]
 [  9.53191422]
 [  8.90075188]
 [ 11.18266103]
 [ 10.19633252]
 [ 10.86609697]
 [ 10.2432342 ]
 [ 10.99330242]]
Deviation: [[ 4.8917482]]
